0.001168 
0.003264 
-0.005756 
-0.001337 
0.000168 
0.000683 
0.005954 
0.003331 
-0.006502 
0.001225 
0.002524 
-0.000323 
-0.001092 
-0.000801 
-0.001245 
0.002027 
-0.000057 
-0.000976 
0.002864 
0.002059 
-0.002719 
0.002126 
0.001148 
0.001252 
-0.000825 
-0.002898 
-0.001300 
0.004573 
0.000608 
-0.003521 
0.003426 
0.000248 
-0.000268 
0.005252 
-0.004654 
0.001314 
-0.000647 
-0.000116 
-0.005656 
0.007924 
-0.000889 
-0.001327 
0.003100 
-0.000292 
-0.002260 
0.005546 
-0.005300 
-0.002315 
0.001942 
-0.001375 
-0.008684 
0.009328 
-0.002883 
0.001728 
0.003342 
-0.002907 
-0.006994 
0.007614 
-0.004774 
-0.002849 
0.005129 
-0.007499 
-0.006658 
0.010517 
-0.005294 
0.006513 
0.005951 
-0.004048 
-0.010126 
0.008069 
-0.009638 
0.000113 
0.007716 
-0.004243 
-0.001667 
0.007946 
-0.011585 
0.009006 
0.008669 
-0.005049 
-0.007504 
0.005412 
-0.016273 
0.002121 
0.009325 
-0.007505 
0.004866 
0.005808 
-0.016850 
0.011227 
0.005606 
-0.012223 
-0.001569 
0.003528 
-0.017345 
0.006811 
0.007537 
-0.010721 
0.010910 
0.004886 
-0.017943 
0.011652 
0.002873 
-0.016335 
0.003158 
0.004117 
-0.017658 
0.005770 
0.008105 
-0.015806 
0.014313 
0.004617 
-0.014522 
0.010449 
0.001659 
-0.018444 
0.005353 
0.005054 
-0.016833 
0.005722 
0.008174 
-0.016473 
0.010729 
0.003166 
-0.010008 
0.010465 
0.001290 
-0.019822 
0.002181 
0.006363 
-0.015170 
0.010446 
0.006460 
-0.012466 
0.007197 
0.001201 
-0.006292 
0.008284 
0.003184 
-0.016182 
0.001699 
0.003033 
-0.013577 
0.010817 
0.003807 
-0.009747 
0.009206 
-0.000869 
-0.004542 
0.007473 
0.005357 
-0.017710 
0.006569 
-0.000649 
-0.011265 
0.007756 
0.003773 
-0.008279 
0.014208 
-0.001432 
-0.008866 
0.008427 
-0.000136 
-0.015902 
0.012691 
-0.001739 
-0.011862 
0.008375 
-0.000995 
-0.007890 
0.016846 
-0.002773 
-0.009617 
0.010641 
-0.002153 
-0.013672 
0.013987 
-0.004119 
-0.009674 
0.008818 
-0.002461 
-0.001749 
0.015936 
-0.007145 
-0.004419 
0.007245 
-0.004817 
-0.012804 
0.009281 
-0.007949 
-0.004795 
0.009941 
-0.004704 
-0.003886 
0.012555 
-0.008301 
-0.001667 
0.002384 
-0.006106 
-0.003292 
0.010998 
-0.007728 
-0.003013 
0.007123 
-0.005257 
-0.004310 
0.009897 
-0.007123 
-0.002579 
0.006073 
-0.005304 
-0.004714 
0.011419 
-0.004945 
-0.004511 
0.009136 
-0.004638 
-0.002670 
0.008638 
-0.004268 
-0.005322 
0.011257 
-0.004226 
-0.006762 
0.009332 
-0.001718 
-0.005676 
0.011187 
-0.005985 
-0.004482 
0.006405 
0.001352 
-0.005738 
0.011902 
-0.004580 
-0.009366 
0.004923 
-0.000634 
-0.004805 
0.014030 
-0.003360 
-0.005927 
0.008837 
0.000306 
-0.006249 
0.011263 
-0.005031 
-0.009176 
0.006000 
-0.007748 
-0.002130 
0.010151 
-0.000905 
-0.001571 
-0.005042 
0.002261 
-0.003200 
-0.000102 
0.006489 
0.004983 
-0.007288 
0.000668 
0.003102 
-0.002609 
-0.001499 
-0.004010 
-0.000068 
0.002340 
-0.003701 
0.000428 
0.004324 
0.003743 
-0.002452 
0.000535 
0.001810 
-0.001666 
0.001549 
-0.004267 
0.002866 
0.003698 
-0.005410 
0.000281 
0.001782 
0.003860 
-0.000406 
0.001735 
-0.001808 
-0.001523 
0.001938 
-0.003321 
0.000399 
0.009982 
-0.003361 
-0.000109 
0.000088 
0.001698 
-0.002614 
0.002117 
-0.000873 
-0.005138 
0.005201 
-0.003454 
-0.004522 
0.015365 
-0.001503 
-0.000231 
-0.000684 
-0.001837 
-0.007594 
0.003194 
-0.003060 
-0.002903 
0.010137 
-0.004147 
-0.005695 
0.016774 
-0.004939 
0.003117 
0.003383 
-0.003436 
-0.008606 
0.005522 
-0.009934 
-0.000498 
0.014012 
-0.005650 
-0.003764 
0.013967 
-0.010508 
0.010267 
0.008544 
-0.004468 
-0.003724 
0.006818 
-0.016747 
-0.000782 
0.013498 
-0.008286 
0.004532 
0.009622 
-0.012667 
0.016303 
0.007232 
-0.011923 
-0.000064 
0.004987 
-0.019036 
0.000046 
0.012101 
-0.009007 
0.014083 
0.006603 
-0.014436 
0.012918 
0.005529 
-0.018265 
0.000066 
0.005967 
-0.016916 
0.002011 
0.009876 
-0.011702 
0.014204 
0.007407 
-0.016475 
0.012220 
0.004338 
-0.019788 
-0.000292 
0.006543 
-0.011601 
0.003698 
0.008119 
-0.013964 
0.009852 
0.006768 
-0.015057 
0.015055 
0.002314 
-0.015963 
-0.001198 
0.004691 
-0.011740 
0.006168 
0.006619 
-0.014776 
0.009354 
0.003879 
-0.011014 
0.013777 
0.002840 
-0.011589 
0.000149 
-0.003590 
-0.014781 
0.010900 
0.007601 
-0.012883 
0.012423 
0.001685 
-0.010986 
0.008751 
-0.000199 
-0.015069 
0.005118 
-0.005244 
-0.015731 
0.013202 
0.004081 
-0.011245 
0.016782 
-0.001196 
-0.015406 
0.006997 
-0.004080 
-0.018925 
0.011262 
-0.003650 
-0.012696 
0.013833 
-0.001285 
-0.012062 
0.014995 
-0.006678 
-0.015373 
0.006791 
-0.004121 
-0.018451 
0.016326 
-0.002617 
-0.009755 
0.014972 
-0.005698 
-0.011291 
0.010457 
-0.011702 
-0.011422 
0.008070 
-0.002441 
-0.013472 
0.015989 
-0.002080 
-0.005635 
0.015585 
-0.010925 
-0.009145 
0.011023 
-0.012415 
-0.008168 
0.008115 
-0.001790 
-0.004359 
0.015369 
-0.002484 
-0.003621 
0.012763 
-0.009530 
-0.009845 
0.013336 
-0.009955 
-0.006404 
0.007903 
-0.001889 
-0.005632 
0.015530 
-0.002996 
-0.002004 
0.014981 
-0.008637 
-0.006538 
0.012208 
-0.004578 
-0.007081 
0.011484 
-0.001417 
-0.003569 
0.013856 
-0.001375 
-0.002820 
0.012959 
-0.004706 
-0.006676 
0.008636 
0.000946 
-0.008821 
0.016587 
-0.002570 
-0.005285 
0.009993 
-0.001887 
-0.003632 
0.009622 
0.000641 
-0.008136 
0.012913 
-0.001682 
-0.007331 
0.013774 
-0.002564 
-0.008279 
0.010306 
-0.007467 
-0.002308 
0.008729 
0.004770 
0.000862 
-0.005154 
0.005388 
-0.002087 
-0.000152 
0.003245 
0.005165 
-0.007418 
0.000094 
0.001552 
-0.005192 
0.007177 
0.001299 
-0.000186 
0.004228 
-0.000660 
0.001903 
0.001401 
0.004120 
-0.005068 
0.000032 
0.000248 
-0.006765 
0.007162 
0.001874 
0.003461 
0.003280 
-0.000482 
0.000980 
0.000666 
0.002350 
-0.002577 
0.003182 
-0.003194 
-0.005249 
0.005099 
0.001873 
0.001496 
0.006470 
0.000229 
0.000857 
0.002375 
-0.000542 
-0.005166 
0.003559 
-0.004260 
-0.003308 
0.005800 
-0.000774 
-0.002550 
0.010424 
0.001125 
0.000078 
0.001594 
-0.004146 
-0.009192 
0.003964 
-0.004763 
-0.000136 
0.007949 
0.000470 
-0.003681 
0.011365 
-0.003095 
0.002624 
0.004441 
-0.007045 
-0.010088 
0.006988 
-0.010934 
0.003180 
0.010851 
-0.000307 
-0.002492 
0.009797 
-0.012288 
0.006542 
0.009173 
-0.006967 
-0.000781 
0.005905 
-0.015479 
0.002983 
0.010604 
-0.003204 
0.003394 
0.007319 
-0.013942 
0.010342 
0.011014 
-0.009408 
0.003990 
0.002637 
-0.020740 
0.002431 
0.008063 
-0.006059 
0.008888 
0.008416 
-0.015565 
0.008994 
0.008189 
-0.015085 
0.004128 
0.002593 
-0.016072 
0.004187 
0.005927 
-0.010283 
0.007588 
0.010483 
-0.010735 
0.010536 
0.001264 
-0.017435 
0.004439 
0.004492 
-0.009819 
0.007302 
0.004243 
-0.013810 
0.003605 
0.008703 
-0.005161 
0.013433 
-0.002227 
-0.014467 
0.002715 
0.004596 
-0.006247 
0.006811 
0.005989 
-0.012272 
0.003436 
0.002532 
-0.005760 
0.012974 
-0.001421 
-0.009294 
0.002733 
-0.001974 
-0.009486 
0.008421 
0.007167 
-0.012014 
0.009646 
0.000141 
-0.008659 
0.011709 
-0.001839 
-0.012885 
0.004661 
-0.010612 
-0.012991 
0.013166 
-0.000614 
-0.015106 
0.013179 
-0.000104 
-0.012492 
0.009413 
-0.006038 
-0.019961 
0.009318 
-0.010145 
-0.010239 
0.021043 
-0.004200 
-0.014671 
0.010951 
-0.002744 
-0.015076 
0.005721 
-0.009360 
-0.019022 
0.014098 
-0.006825 
-0.004246 
0.018887 
-0.008878 
-0.016224 
0.011671 
-0.009950 
-0.012069 
0.006205 
-0.005707 
-0.012926 
0.016767 
-0.008601 
0.000942 
0.016004 
-0.010057 
-0.009810 
0.014331 
-0.012070 
-0.013405 
0.005321 
-0.000439 
-0.003835 
0.018729 
-0.010021 
0.000651 
0.012666 
-0.006927 
-0.010825 
0.016325 
-0.009604 
-0.014384 
0.007153 
-0.002013 
-0.002145 
0.019640 
-0.008504 
0.000848 
0.013691 
-0.003035 
-0.010201 
0.017074 
-0.005312 
-0.012536 
0.005399 
-0.005422 
-0.000606 
0.017279 
-0.003635 
-0.001168 
0.014976 
-0.002819 
-0.011031 
0.011062 
-0.001164 
-0.010435 
0.007643 
-0.002944 
-0.002161 
0.013093 
-0.001347 
-0.001932 
0.013468 
-0.000649 
-0.012026 
0.011337 
-0.005614 
-0.006658 
0.011149 
0.002073 
-0.005498 
0.014393 
-0.006075 
-0.003599 
0.009562 
0.008320 
0.006881 
-0.002215 
0.004272 
0.004217 
-0.000227 
0.003464 
0.000876 
-0.008928 
-0.002022 
-0.000017 
-0.010156 
0.006077 
0.006690 
0.000489 
0.000885 
0.003278 
0.001201 
0.002476 
0.002268 
-0.006809 
0.000536 
-0.001390 
-0.008361 
0.003682 
0.006189 
0.002315 
-0.001335 
-0.000828 
0.001366 
0.002090 
0.002191 
-0.004565 
0.003471 
-0.002229 
-0.004536 
0.000307 
0.002701 
0.001126 
0.003658 
-0.001850 
0.000258 
0.005963 
-0.003181 
-0.007114 
0.004686 
-0.003311 
-0.002763 
-0.000515 
-0.002961 
-0.002395 
0.007593 
-0.003123 
0.001642 
0.007995 
-0.006739 
-0.008932 
0.008244 
-0.007117 
-0.002095 
0.002856 
-0.004044 
-0.002651 
0.010709 
-0.006914 
0.002662 
0.007172 
-0.009762 
-0.006482 
0.007978 
-0.013479 
0.000489 
0.006525 
-0.005431 
-0.000992 
0.008889 
-0.011860 
0.001533 
0.009329 
-0.010559 
-0.003147 
0.005235 
-0.013785 
0.002773 
0.007473 
-0.008426 
0.000979 
0.005530 
-0.013700 
0.001489 
0.008662 
-0.012811 
0.000813 
0.003873 
-0.014741 
0.006495 
0.005151 
-0.011415 
-0.000995 
0.006303 
-0.014688 
0.002463 
0.005655 
-0.014952 
0.006686 
0.004854 
-0.010613 
0.010550 
0.003989 
-0.012224 
-0.001830 
0.004805 
-0.010850 
0.004672 
0.001312 
-0.014659 
0.007252 
0.004025 
-0.004687 
0.012788 
0.001205 
-0.015999 
-0.002397 
0.002762 
-0.009857 
0.005398 
-0.001053 
-0.011576 
0.007992 
0.007104 
-0.002868 
0.014711 
0.000263 
-0.013868 
-0.001125 
-0.000960 
-0.011762 
0.009391 
-0.001357 
-0.008958 
0.007787 
0.003510 
-0.006518 
0.016730 
-0.001018 
-0.012300 
0.002326 
-0.004362 
-0.013479 
0.010208 
0.000327 
-0.009818 
0.010843 
-0.003137 
-0.005094 
0.017921 
-0.008016 
-0.014889 
0.006761 
-0.002153 
-0.012688 
0.012978 
-0.004788 
-0.011385 
0.011860 
-0.006080 
-0.000627 
0.018261 
-0.011502 
-0.020590 
0.013432 
-0.005069 
-0.012471 
0.009882 
-0.007408 
-0.011957 
0.014954 
-0.006584 
-0.001261 
0.019061 
-0.010955 
-0.018705 
0.015875 
-0.010620 
-0.011056 
0.009586 
-0.004917 
-0.009888 
0.016119 
-0.011841 
0.002365 
0.013972 
-0.004576 
-0.005253 
0.021575 
-0.012991 
-0.012940 
0.009839 
-0.006014 
-0.002651 
0.016087 
-0.016372 
0.000554 
0.008400 
-0.002100 
-0.005589 
0.024452 
-0.010453 
-0.010287 
0.011646 
-0.007145 
-0.001361 
0.014834 
-0.015717 
-0.003550 
0.006148 
-0.003064 
-0.006922 
0.021810 
-0.007066 
-0.007747 
0.011285 
-0.012869 
-0.000942 
0.012966 
-0.010066 
-0.002135 
0.007919 
-0.004793 
-0.005191 
0.016030 
-0.003942 
-0.006477 
0.007478 
-0.011387 
-0.002647 
0.007160 
-0.006434 
-0.001231 
0.011781 
-0.001629 
-0.007136 
0.014609 
-0.006758 
-0.004559 
0.005839 
-0.005554 
-0.006696 
0.010459 
-0.009255 
-0.002571 
0.010846 
0.003515 
0.006449 
-0.004763 
0.002815 
0.003963 
-0.003384 
0.002542 
-0.001068 
-0.005393 
-0.005257 
0.000826 
-0.004384 
0.001894 
0.005443 
-0.002932 
0.000780 
0.000768 
-0.006325 
0.003085 
0.002822 
-0.004279 
-0.001344 
0.001779 
-0.004476 
-0.000161 
0.001500 
-0.004474 
0.003597 
-0.002495 
-0.006766 
0.005761 
0.003760 
-0.003412 
0.003947 
0.000303 
-0.006078 
0.002068 
-0.004457 
-0.008867 
0.008859 
-0.005305 
-0.003944 
0.010889 
-0.002286 
-0.007868 
0.007744 
-0.005584 
-0.006328 
0.007044 
-0.007945 
-0.008606 
0.011773 
-0.008555 
0.000251 
0.011650 
-0.005331 
-0.010954 
0.008151 
-0.015668 
-0.002468 
0.010445 
-0.012693 
-0.005980 
0.012301 
-0.010373 
0.005072 
0.011279 
-0.013153 
-0.008928 
0.006406 
-0.017144 
0.000789 
0.010153 
-0.015574 
0.001445 
0.007482 
-0.014611 
0.008291 
0.008983 
-0.015066 
-0.003431 
0.005950 
-0.014493 
0.002978 
0.009077 
-0.017808 
0.002901 
0.003809 
-0.018747 
0.005093 
0.007092 
-0.013325 
0.000809 
0.006186 
-0.012401 
0.013772 
0.004632 
-0.018054 
0.001476 
0.004312 
-0.018480 
0.003542 
0.005139 
-0.011825 
0.003355 
0.008327 
-0.009304 
0.018338 
0.001179 
-0.021734 
-0.000497 
0.002010 
-0.016616 
0.003876 
0.003555 
-0.012336 
0.011077 
0.008571 
-0.003207 
0.018489 
-0.002652 
-0.020533 
-0.000520 
0.001284 
-0.016985 
0.005766 
0.005755 
-0.012671 
0.015393 
0.007346 
-0.005620 
0.016850 
-0.002233 
-0.016676 
0.000914 
-0.000056 
-0.017484 
0.008107 
0.003632 
-0.010052 
0.015544 
0.003811 
-0.007782 
0.015093 
0.002699 
-0.016886 
0.005198 
-0.006850 
-0.017300 
0.011603 
0.001422 
-0.013688 
0.014637 
0.002971 
-0.007126 
0.015452 
-0.000857 
-0.017419 
0.009425 
-0.009446 
-0.012327 
0.014917 
0.000608 
-0.012832 
0.015230 
0.001648 
-0.008519 
0.013113 
-0.011295 
-0.018339 
0.011260 
-0.008221 
-0.004392 
0.015747 
-0.004117 
-0.010957 
0.010620 
-0.004775 
-0.000383 
0.013122 
-0.008103 
-0.011994 
0.016433 
-0.015424 
-0.004759 
0.012053 
-0.007961 
-0.013265 
0.008433 
-0.011042 
0.005538 
0.007833 
-0.003976 
0.000161 
0.020343 
-0.017873 
-0.005899 
0.010672 
-0.011187 
-0.001543 
0.009963 
-0.013775 
0.002626 
-0.001323 
-0.007352 
-0.000530 
0.020288 
-0.013122 
-0.004919 
0.008891 
-0.009329 
0.004209 
0.010991 
-0.013327 
-0.003497 
-0.003019 
-0.011455 
-0.002256 
0.017376 
-0.007560 
-0.003357 
0.011219 
-0.009674 
0.000374 
0.006038 
-0.009122 
-0.003652 
0.005883 
-0.010431 
-0.003224 
0.013302 
-0.005844 
-0.004777 
0.009536 
-0.010461 
-0.002109 
0.003258 
-0.007287 
0.000144 
0.011883 
-0.005519 
-0.004918 
0.013185 
-0.009693 
-0.005908 
0.005349 
-0.007649 
-0.009000 
0.008471 
-0.008330 
0.000882 
0.011362 
0.003000 
-0.000319 
-0.010591 
0.000392 
0.001874 
-0.007866 
-0.000434 
-0.000471 
0.000876 
-0.002963 
0.003132 
0.005813 
0.000508 
-0.002319 
-0.010156 
0.004864 
-0.001134 
-0.007556 
0.000924 
0.002028 
0.004736 
-0.001817 
0.004338 
-0.001286 
-0.001124 
-0.004462 
-0.006299 
0.006629 
-0.006087 
-0.007412 
0.005819 
0.002493 
0.001217 
0.004636 
-0.000132 
-0.005246 
0.004000 
-0.007506 
-0.008075 
0.008111 
-0.008419 
-0.006039 
0.010359 
0.000517 
-0.005038 
0.005021 
-0.008617 
-0.005605 
0.011081 
-0.010820 
-0.009153 
0.011933 
-0.011883 
-0.003027 
0.011412 
-0.000615 
-0.009156 
0.002780 
-0.020321 
-0.001312 
0.012234 
-0.015304 
-0.005033 
0.014777 
-0.012479 
0.004489 
0.008175 
-0.013229 
-0.008464 
0.007800 
-0.021226 
0.005054 
0.011890 
-0.015193 
0.001871 
0.010273 
-0.014747 
0.009028 
0.004065 
-0.021753 
-0.004735 
0.008361 
-0.015998 
0.009526 
0.008685 
-0.016098 
0.002687 
0.003492 
-0.019405 
0.005694 
0.005534 
-0.018235 
0.002961 
0.009608 
-0.013422 
0.014068 
0.005183 
-0.021863 
0.001748 
0.002729 
-0.019102 
0.007362 
0.005459 
-0.018894 
0.004614 
0.008378 
-0.012203 
0.017803 
-0.001093 
-0.023632 
0.005178 
0.002119 
-0.016850 
0.011204 
0.005674 
-0.018820 
0.008808 
0.002037 
-0.011709 
0.017421 
-0.000345 
-0.020167 
0.007792 
0.002580 
-0.014728 
0.013006 
0.002674 
-0.017280 
0.011558 
-0.003852 
-0.013943 
0.013597 
0.003288 
-0.016147 
0.009488 
0.001917 
-0.014890 
0.015124 
-0.001991 
-0.016160 
0.012287 
-0.007153 
-0.014072 
0.010332 
0.005030 
-0.016029 
0.011700 
-0.000458 
-0.015555 
0.019176 
-0.005333 
-0.017700 
0.010861 
-0.008854 
-0.010256 
0.009261 
0.001673 
-0.015325 
0.018505 
-0.001914 
-0.012411 
0.021680 
-0.005957 
-0.016226 
0.010738 
-0.012747 
-0.009050 
0.006447 
-0.002012 
-0.013889 
0.020127 
-0.007204 
-0.004473 
0.020110 
-0.012622 
-0.013600 
0.011778 
-0.010308 
-0.005572 
0.007454 
-0.003584 
-0.011210 
0.019467 
-0.015188 
0.002131 
0.014003 
-0.014947 
-0.015804 
0.004576 
-0.006786 
0.001464 
0.001933 
-0.006614 
-0.000461 
0.019804 
-0.017156 
-0.002260 
0.007636 
-0.012267 
-0.000491 
0.002890 
-0.007695 
0.002106 
-0.003399 
-0.011710 
0.002073 
0.017488 
-0.014514 
-0.004982 
0.001997 
-0.007182 
0.002467 
0.007633 
-0.007066 
-0.002634 
-0.003309 
-0.011697 
0.000581 
0.011810 
-0.009591 
-0.004189 
0.006592 
-0.004714 
0.000784 
0.003622 
-0.006732 
-0.004119 
0.004924 
-0.013078 
-0.001843 
0.006503 
-0.007777 
-0.002910 
0.008584 
-0.007218 
-0.000257 
0.002726 
-0.007743 
0.000694 
0.009850 
-0.008177 
-0.005269 
0.010306 
-0.010085 
-0.003496 
0.008302 
-0.008726 
-0.009716 
0.005636 
-0.009534 
0.002127 
0.008731 
-0.001340 
-0.005388 
-0.008206 
-0.002019 
-0.003181 
-0.007836 
0.000594 
0.002576 
0.004153 
0.004746 
0.004303 
0.004387 
0.000947 
-0.006373 
-0.006881 
0.004807 
-0.006056 
-0.009346 
0.004141 
0.000368 
0.007239 
0.005879 
0.002442 
-0.002473 
0.008143 
-0.006704 
-0.005266 
0.005641 
-0.008696 
-0.010936 
0.008662 
0.000603 
-0.000965 
0.007309 
-0.002270 
-0.004713 
0.007243 
-0.008972 
-0.006260 
0.007635 
-0.008885 
-0.010346 
0.010511 
-0.000384 
-0.004417 
0.006065 
-0.009302 
-0.004404 
0.008491 
-0.009365 
-0.007872 
0.011301 
-0.012747 
-0.004065 
0.012866 
-0.003918 
-0.004428 
0.004974 
-0.022436 
-0.001763 
0.009749 
-0.010746 
-0.004959 
0.013457 
-0.017319 
0.005338 
0.007152 
-0.011189 
-0.004653 
0.008107 
-0.019874 
0.004566 
0.007690 
-0.012929 
-0.001011 
0.012620 
-0.016492 
0.008757 
0.002529 
-0.020836 
-0.004816 
0.010235 
-0.018965 
0.010731 
0.011011 
-0.017768 
-0.000831 
0.012137 
-0.015056 
0.011174 
0.002580 
-0.020811 
-0.000476 
0.003831 
-0.016530 
0.008886 
0.007160 
-0.019657 
0.003188 
0.011056 
-0.014806 
0.016095 
0.003153 
-0.021797 
0.001035 
0.002807 
-0.015272 
0.007631 
0.006028 
-0.023096 
0.013508 
0.006625 
-0.015530 
0.018545 
-0.000253 
-0.020102 
0.002941 
-0.001816 
-0.015951 
0.010028 
0.006397 
-0.020281 
0.018726 
0.000894 
-0.014791 
0.017916 
-0.004348 
-0.017685 
0.002927 
-0.008012 
-0.013969 
0.009160 
0.001830 
-0.014141 
0.019310 
-0.001277 
-0.013410 
0.017472 
-0.007529 
-0.015214 
0.002399 
-0.013395 
-0.010385 
0.008323 
-0.000325 
-0.014265 
0.018194 
-0.003650 
-0.010303 
0.018072 
-0.012686 
-0.012762 
0.006483 
-0.013584 
-0.005795 
0.007739 
0.000886 
-0.012243 
0.020303 
-0.008145 
-0.010136 
0.012416 
-0.013936 
-0.009066 
0.010264 
-0.011678 
-0.003491 
0.007805 
-0.001743 
-0.009168 
0.020141 
-0.009245 
-0.002520 
0.009181 
-0.013357 
-0.011060 
0.005964 
-0.010657 
0.000996 
0.008204 
-0.007193 
-0.012298 
0.016189 
-0.010707 
0.005174 
0.003921 
-0.014196 
-0.014250 
0.004411 
-0.008495 
0.004977 
0.004472 
-0.011687 
-0.000186 
0.014456 
-0.013976 
0.001020 
-0.000933 
-0.009661 
0.003191 
0.004584 
-0.009876 
0.002270 
0.000574 
-0.012774 
0.002929 
0.010116 
-0.012395 
-0.005779 
-0.004570 
-0.003284 
0.001874 
0.005847 
-0.005715 
-0.001277 
0.001261 
-0.010555 
0.001021 
0.003603 
-0.010602 
-0.006896 
0.002392 
-0.001909 
0.001286 
0.005437 
-0.004518 
-0.004018 
0.008334 
-0.008819 
-0.000673 
0.001233 
-0.007321 
-0.002518 
0.008120 
-0.003345 
-0.000862 
0.006639 
-0.011708 
-0.000966 
0.008284 
-0.009345 
-0.005859 
0.007691 
-0.009218 
-0.000672 
0.008530 
-0.007833 
-0.007877 
0.010873 
-0.013723 
0.002695 
0.002467 
0.001266 
-0.005017 
-0.004431 
0.000805 
-0.003162 
-0.002457 
-0.001100 
0.001131 
-0.000641 
0.000939 
-0.001048 
-0.004053 
0.003058 
-0.004780 
-0.000217 
0.000167 
-0.002894 
-0.010746 
0.001871 
-0.000324 
-0.000322 
0.003049 
-0.002267 
-0.008697 
0.007824 
-0.005570 
-0.003703 
0.004422 
-0.006001 
-0.012438 
0.005012 
-0.004057 
-0.003587 
0.005543 
-0.002760 
-0.005597 
0.010510 
-0.006737 
-0.006518 
0.006064 
-0.007656 
-0.011050 
0.010149 
-0.004359 
-0.006495 
0.001400 
-0.006034 
-0.005681 
0.009706 
-0.007356 
-0.005456 
0.006392 
-0.018441 
-0.003963 
0.013832 
-0.002707 
-0.000503 
0.005657 
-0.016403 
-0.000481 
0.005641 
-0.012450 
-0.005109 
0.010315 
-0.019061 
0.005265 
0.008552 
-0.010250 
0.004189 
0.010751 
-0.013766 
0.006157 
0.002758 
-0.017699 
-0.004813 
0.012049 
-0.016858 
0.008113 
0.008639 
-0.013929 
0.003936 
0.007052 
-0.012066 
0.004926 
0.005134 
-0.018741 
-0.000191 
0.009815 
-0.016684 
0.008823 
0.008706 
-0.013042 
-0.000391 
0.003099 
-0.009577 
0.004282 
0.007506 
-0.019727 
0.003596 
0.008755 
-0.014837 
0.014364 
0.004527 
-0.015550 
-0.000873 
0.002020 
-0.008199 
0.004373 
0.006090 
-0.019108 
0.010350 
0.005924 
-0.012514 
0.016865 
-0.001564 
-0.013271 
-0.000405 
-0.000360 
-0.009991 
0.004243 
0.002222 
-0.016037 
0.015134 
0.000778 
-0.010355 
0.018220 
-0.006671 
-0.011957 
-0.002169 
-0.006991 
-0.007624 
0.004317 
-0.002943 
-0.013232 
0.016454 
-0.004112 
-0.010112 
0.016907 
-0.009055 
-0.008579 
-0.002669 
-0.010916 
-0.002644 
0.001617 
-0.006093 
-0.012477 
0.016811 
-0.008603 
-0.006461 
0.013221 
-0.013400 
-0.005697 
-0.000094 
-0.007699 
-0.001395 
0.006894 
-0.007998 
-0.008085 
0.017764 
-0.012789 
-0.006030 
0.009456 
-0.013284 
-0.003534 
0.002865 
-0.006678 
0.000134 
0.007849 
-0.011806 
-0.008794 
0.011664 
-0.011054 
-0.001110 
0.003958 
-0.010538 
-0.007003 
0.003567 
-0.010404 
0.006984 
0.007862 
-0.015195 
-0.014895 
0.010256 
-0.006856 
0.002645 
0.000989 
-0.008400 
-0.005345 
0.003622 
-0.008774 
0.008010 
0.002972 
-0.013943 
-0.002930 
0.007585 
-0.009665 
0.000035 
-0.001895 
-0.005052 
0.004473 
0.004518 
-0.010947 
0.004904 
-0.000603 
-0.011858 
-0.000802 
0.005696 
-0.008110 
-0.005634 
-0.002238 
-0.007263 
0.003758 
0.004813 
-0.007000 
0.000129 
0.004036 
-0.006424 
-0.000310 
0.003466 
-0.007986 
-0.007746 
0.003061 
-0.004228 
0.001939 
0.005230 
-0.005619 
-0.002602 
0.004228 
-0.004984 
-0.000003 
0.004089 
-0.009792 
-0.004154 
0.007749 
-0.005728 
0.000128 
0.006559 
-0.007432 
0.001252 
0.003479 
-0.007998 
-0.007632 
0.009334 
-0.011475 
-0.000187 
0.004954 
-0.006817 
-0.002104 
0.009113 
-0.009934 
0.005230 
-0.002399 
0.001766 
-0.002354 
-0.000234 
0.003471 
-0.001660 
-0.004910 
-0.004629 
0.002282 
-0.004723 
-0.003342 
-0.000647 
-0.002751 
0.003559 
-0.002000 
0.002525 
0.003723 
-0.005837 
-0.009120 
-0.005215 
0.001127 
-0.001556 
-0.000116 
-0.003782 
-0.008189 
0.004434 
-0.003073 
-0.005730 
0.004647 
-0.003396 
-0.008960 
-0.001366 
-0.001599 
-0.004374 
0.001644 
-0.005585 
-0.007718 
0.007124 
-0.005035 
-0.007774 
0.001831 
-0.005524 
-0.009314 
0.006243 
-0.002655 
-0.003613 
0.002783 
-0.005119 
-0.002723 
0.007525 
-0.007418 
-0.003788 
0.004345 
-0.019536 
-0.003320 
0.010040 
-0.006733 
-0.000491 
0.011197 
-0.008928 
0.005617 
0.002662 
-0.011257 
-0.003892 
0.009433 
-0.014662 
0.002608 
0.008200 
-0.009361 
0.007794 
0.007695 
-0.009479 
0.004496 
0.002581 
-0.018610 
-0.004605 
0.008453 
-0.014824 
0.005667 
0.008984 
-0.008041 
0.007440 
0.006183 
-0.009153 
0.001168 
0.005582 
-0.014936 
0.000176 
0.005199 
-0.015070 
0.005513 
0.007864 
-0.008863 
0.003670 
0.005529 
-0.007278 
0.000013 
0.008497 
-0.016426 
0.001901 
0.006913 
-0.011592 
0.007025 
0.005584 
-0.009135 
-0.000457 
0.004216 
-0.007180 
-0.001955 
0.003789 
-0.014340 
0.006983 
0.006527 
-0.010572 
0.009196 
0.003235 
-0.010543 
-0.005488 
0.001999 
-0.006971 
0.001295 
-0.003225 
-0.011969 
0.007201 
0.000878 
-0.008878 
0.009028 
-0.000509 
-0.009760 
-0.007169 
0.003879 
-0.004316 
0.006133 
-0.007037 
-0.010994 
0.003723 
-0.006547 
-0.008035 
0.007729 
-0.004024 
-0.005353 
0.000320 
0.001329 
-0.003827 
0.010513 
-0.010887 
-0.007882 
0.003713 
-0.009805 
-0.005097 
0.008638 
-0.004865 
-0.005806 
0.003346 
-0.000456 
-0.001093 
0.012337 
-0.014654 
-0.002933 
0.002895 
-0.010668 
0.002840 
0.005120 
-0.006073 
-0.004625 
0.003188 
-0.004776 
0.002922 
0.004464 
-0.012977 
-0.012823 
0.003265 
-0.008011 
0.004752 
0.003533 
-0.004379 
-0.005426 
0.007008 
-0.007294 
0.005967 
-0.003129 
-0.013510 
-0.009044 
0.005474 
-0.008494 
0.002015 
0.004762 
0.000465 
0.001766 
0.001195 
-0.009905 
0.004009 
-0.000052 
-0.009360 
0.003014 
0.005592 
-0.009771 
0.001115 
0.001204 
-0.005434 
0.000663 
-0.001557 
-0.009753 
0.003441 
0.004446 
-0.007164 
0.000851 
0.005655 
-0.006960 
-0.004548 
0.000975 
-0.009440 
0.002765 
0.000115 
-0.010170 
0.001310 
0.007354 
-0.004912 
0.001364 
0.006168 
-0.006062 
-0.006469 
0.005869 
-0.006154 
0.000934 
0.006790 
-0.007548 
-0.003528 
0.000557 
-0.004298 
-0.001868 
0.004990 
-0.009452 
-0.004359 
0.005290 
-0.008203 
-0.000966 
0.008737 
-0.000769 
0.001716 
0.003359 
-0.008598 
-0.008879 
0.008911 
-0.012456 
0.000278 
-0.003591 
-0.004823 
0.000674 
0.005664 
-0.004038 
0.005325 
0.001028 
-0.001127 
0.000058 
-0.002680 
0.000412 
0.000229 
-0.006859 
-0.003563 
0.003798 
-0.004738 
-0.003516 
0.000380 
-0.004756 
-0.000882 
0.001635 
-0.001424 
0.002498 
-0.006386 
-0.011169 
-0.004813 
0.003163 
-0.005641 
-0.004823 
-0.000352 
-0.001917 
-0.000401 
0.000595 
-0.004760 
0.001479 
-0.005003 
-0.008593 
-0.004845 
0.003263 
-0.007124 
-0.000584 
-0.005196 
-0.003266 
0.000801 
-0.001189 
-0.010010 
-0.001963 
-0.004228 
-0.005612 
0.003168 
0.001588 
-0.005441 
0.005222 
-0.003152 
-0.000932 
0.003321 
-0.004478 
-0.005043 
0.004956 
-0.010957 
-0.004827 
0.007188 
-0.005081 
0.000987 
0.010578 
-0.009402 
0.004179 
0.003457 
-0.007208 
-0.002169 
0.008686 
-0.010101 
0.000026 
0.007970 
-0.009824 
0.004855 
0.007112 
-0.012613 
0.001719 
0.004828 
-0.011505 
-0.004613 
0.006913 
-0.010440 
-0.000656 
0.008080 
-0.009540 
0.004136 
0.008682 
-0.008705 
0.001811 
0.007393 
-0.012141 
-0.002487 
0.005106 
-0.009185 
-0.000052 
0.007910 
-0.011529 
0.002586 
0.007805 
-0.007290 
0.000155 
0.006692 
-0.011963 
-0.003282 
0.006273 
-0.006988 
0.001266 
0.008257 
-0.008274 
0.001603 
0.002917 
-0.008845 
-0.001753 
0.001535 
-0.012871 
-0.000053 
0.005799 
-0.009330 
0.004425 
0.006733 
-0.007748 
0.000209 
0.006304 
-0.007556 
-0.001196 
-0.001018 
-0.011615 
0.001122 
0.003935 
-0.008707 
0.005785 
0.000130 
-0.010677 
-0.001955 
0.006110 
-0.005750 
0.002587 
-0.003371 
-0.008092 
-0.001206 
-0.000777 
-0.005916 
0.003946 
-0.001288 
-0.007230 
-0.004625 
0.004643 
-0.003900 
0.008674 
-0.011678 
-0.006990 
-0.001797 
-0.007630 
-0.000395 
0.003094 
-0.002108 
-0.009765 
-0.003981 
0.005296 
0.001972 
0.013046 
-0.013621 
-0.011327 
0.001118 
-0.007269 
0.004215 
-0.002549 
-0.000296 
-0.012121 
-0.000505 
0.005229 
0.004826 
0.003370 
-0.012388 
-0.012212 
0.002162 
-0.009390 
0.004711 
-0.003638 
0.007591 
-0.002061 
0.006121 
-0.002243 
0.003468 
-0.003475 
-0.009312 
-0.003043 
0.000955 
-0.012220 
0.002538 
0.000791 
0.004613 
0.003448 
0.002399 
-0.005889 
0.003219 
-0.001306 
-0.006396 
0.003839 
0.001109 
-0.012882 
0.003977 
0.000284 
-0.003583 
0.000156 
-0.002207 
-0.007550 
0.005077 
0.002137 
-0.007167 
0.003120 
0.003061 
-0.010345 
-0.000970 
0.003167 
-0.005537 
0.002611 
-0.002286 
-0.009630 
0.002328 
0.001732 
-0.003764 
0.001510 
0.006634 
-0.008002 
-0.004877 
0.000885 
-0.005843 
0.001421 
0.004347 
-0.003280 
-0.000401 
-0.001404 
-0.006866 
-0.000081 
0.005596 
-0.006505 
0.000425 
-0.000696 
-0.007725 
-0.000081 
0.001055 
0.001508 
0.003770 
0.001273 
-0.006665 
-0.003900 
0.002183 
-0.007429 
0.002719 
-0.006437 
-0.001681 
0.000059 
-0.001702 
-0.002263 
0.005385 
-0.003217 
-0.001695 
0.003824 
-0.005813 
-0.001927 
0.002983 
-0.003073 
0.001937 
0.004445 
-0.010274 
-0.008120 
-0.000225 
-0.008132 
-0.003361 
0.003134 
-0.002174 
0.000687 
-0.001965 
-0.005757 
-0.003595 
0.004354 
-0.010701 
-0.005926 
0.000353 
-0.002607 
-0.005717 
0.000890 
-0.001930 
0.000931 
-0.006128 
-0.004769 
-0.005279 
0.002793 
-0.008341 
-0.002811 
-0.000920 
0.002101 
-0.003459 
0.002065 
-0.001096 
0.000782 
-0.008888 
-0.000790 
-0.002022 
0.003522 
-0.002738 
-0.000830 
-0.005974 
0.000521 
0.004385 
-0.002694 
-0.001610 
0.007920 
-0.009127 
-0.000908 
0.003170 
-0.002995 
0.000170 
0.002850 
-0.009739 
0.000138 
0.008413 
-0.006421 
0.002150 
0.008984 
-0.009980 
-0.001726 
0.003063 
-0.008677 
-0.002600 
0.003568 
-0.007984 
-0.002093 
0.006496 
-0.010229 
0.000550 
0.009932 
-0.009157 
-0.002513 
0.003228 
-0.009713 
-0.003501 
0.007121 
-0.007066 
-0.001461 
0.008785 
-0.010022 
-0.002281 
0.008387 
-0.007460 
-0.004908 
0.003004 
-0.008941 
-0.001884 
0.004332 
-0.006430 
-0.002634 
0.005959 
-0.010864 
-0.006030 
0.004378 
-0.003237 
-0.006810 
0.006323 
-0.006797 
0.000377 
0.003983 
-0.008069 
-0.002723 
0.004006 
-0.009907 
-0.003911 
0.001730 
-0.007943 
-0.003775 
0.011305 
-0.004446 
0.002774 
0.004456 
-0.007076 
-0.004150 
-0.000193 
-0.009131 
-0.004857 
0.004360 
-0.005578 
0.002713 
0.005155 
-0.009354 
-0.001164 
0.004560 
-0.005405 
-0.002194 
-0.006983 
-0.011824 
-0.005963 
0.001001 
-0.000072 
0.007918 
-0.003271 
-0.013402 
-0.011591 
0.011741 
0.002152 
0.002103 
-0.010190 
-0.013814 
-0.003227 
-0.000448 
-0.002308 
0.001611 
-0.000523 
-0.012479 
-0.010110 
0.013874 
0.006487 
0.001000 
-0.010143 
-0.014799 
0.001671 
-0.001217 
0.003648 
-0.007875 
0.009968 
-0.007995 
-0.008773 
0.007163 
0.003210 
-0.001579 
-0.006285 
-0.005782 
0.003803 
-0.008421 
0.004050 
-0.012546 
0.009858 
-0.000894 
-0.001404 
0.000836 
0.003209 
-0.003086 
-0.000851 
0.000521 
-0.001705 
-0.011425 
0.003266 
-0.005137 
0.005448 
0.001572 
0.002420 
-0.001712 
0.002676 
-0.008619 
-0.005946 
0.002479 
-0.002700 
-0.011843 
0.005446 
0.004034 
-0.001168 
0.000269 
-0.001655 
-0.004096 
0.003692 
-0.006898 
-0.006457 
0.006454 
0.001937 
-0.009471 
0.001639 
0.006584 
-0.002366 
0.002006 
-0.005194 
-0.006268 
0.002478 
-0.007882 
-0.003255 
0.005001 
0.009742 
-0.005934 
-0.002733 
0.002677 
-0.003477 
-0.000050 
-0.004253 
-0.000211 
0.004138 
-0.008356 
-0.004013 
0.001051 
0.005130 
-0.000244 
0.000560 
0.003902 
-0.005657 
0.000333 
-0.009430 
0.002362 
0.003329 
-0.005207 
-0.002790 
0.000104 
-0.000143 
-0.002545 
0.002584 
-0.001513 
-0.002241 
-0.000100 
-0.011274 
-0.001219 
0.003745 
-0.006871 
0.000136 
0.004336 
-0.006481 
-0.002820 
0.004920 
-0.005163 
0.004628 
0.004943 
-0.010321 
-0.006152 
0.000112 
-0.010771 
-0.003047 
0.002932 
-0.005984 
-0.001100 
0.004106 
0.002164 
-0.000767 
0.002322 
-0.011694 
-0.005054 
0.002581 
-0.005055 
-0.005181 
0.001912 
-0.005104 
-0.000568 
-0.003437 
0.004660 
-0.002426 
0.000414 
-0.009619 
-0.005020 
0.001628 
0.002672 
-0.004318 
0.003138 
0.001152 
0.000418 
-0.009168 
0.002982 
-0.001819 
0.001165 
-0.006318 
-0.005167 
-0.005220 
0.003980 
0.002184 
0.000221 
0.002118 
0.002056 
-0.010287 
-0.001366 
0.000773 
-0.001537 
-0.001675 
0.000125 
-0.005170 
0.000312 
0.003284 
-0.007126 
-0.000571 
0.003275 
-0.008213 
-0.002822 
0.002821 
-0.004431 
-0.000874 
0.008908 
-0.005329 
-0.003207 
0.006539 
-0.007430 
-0.002953 
0.001733 
-0.007787 
-0.005889 
0.001493 
-0.005412 
-0.004689 
0.009165 
-0.003534 
-0.000571 
0.003967 
-0.011535 
-0.003722 
-0.000256 
-0.007853 
-0.008131 
0.006410 
-0.008945 
-0.003332 
0.005584 
-0.002817 
0.002980 
0.004027 
-0.012201 
-0.002735 
0.001063 
-0.007782 
-0.007934 
0.008002 
-0.009882 
0.000253 
0.004495 
-0.005043 
0.002158 
0.002113 
-0.006721 
-0.004337 
0.004134 
-0.009408 
-0.008703 
0.010091 
-0.005938 
0.003489 
0.004942 
-0.004838 
-0.002717 
-0.005006 
-0.017960 
-0.008173 
-0.000614 
-0.010676 
-0.005711 
0.004786 
-0.010672 
-0.001331 
0.014305 
0.002208 
0.001708 
-0.005983 
-0.017960 
-0.013066 
0.003941 
-0.006522 
-0.002081 
0.006430 
-0.015102 
-0.009079 
0.015343 
0.006574 
-0.001426 
-0.004445 
-0.015093 
-0.007985 
0.010975 
-0.002640 
-0.001958 
0.009256 
-0.008998 
-0.009680 
0.012164 
0.000870 
-0.004971 
-0.000096 
-0.010903 
-0.001795 
0.007687 
0.002033 
-0.002146 
0.008578 
-0.004715 
-0.008990 
0.004241 
0.001127 
-0.005497 
0.006480 
-0.004681 
0.003971 
-0.000267 
0.002345 
-0.005329 
0.008274 
-0.004250 
-0.006313 
-0.000446 
0.001881 
-0.006818 
0.003251 
0.001293 
0.003252 
-0.006772 
0.001161 
-0.005602 
0.005667 
0.000286 
-0.002367 
0.002894 
0.001023 
-0.009409 
-0.001737 
0.001016 
0.000336 
-0.006830 
0.004034 
-0.002045 
0.003916 
0.000963 
-0.001380 
0.002729 
0.001117 
-0.010305 
-0.001842 
0.003088 
0.001299 
-0.008081 
0.002145 
-0.000281 
0.002994 
0.002810 
-0.004037 
0.002448 
0.001753 
-0.012308 
-0.001575 
0.003323 
0.005045 
-0.001973 
0.000825 
0.000192 
0.003531 
0.000328 
-0.007843 
0.001216 
0.003513 
-0.014108 
-0.002488 
0.002173 
0.000673 
0.002442 
0.001629 
0.000640 
0.003312 
0.001617 
-0.012736 
-0.000638 
0.001726 
-0.010838 
0.002667 
0.001610 
-0.003376 
0.000696 
0.003330 
-0.002336 
-0.004211 
0.000482 
-0.016592 
-0.001450 
0.003608 
-0.009273 
0.002480 
0.004278 
-0.008269 
-0.004645 
0.002985 
-0.007424 
0.004145 
0.006986 
-0.005466 
-0.002906 
0.000352 
-0.007656 
-0.004505 
0.001157 
-0.007787 
-0.004470 
0.005414 
0.000410 
0.002748 
0.002342 
-0.004821 
-0.000882 
0.001765 
-0.002566 
-0.006844 
0.002694 
-0.006884 
-0.004856 
-0.000786 
0.005051 
0.001482 
-0.000161 
-0.004358 
-0.001433 
-0.002131 
0.003519 
-0.005051 
0.005485 
-0.002379 
-0.005092 
-0.007339 
0.004166 
0.002993 
0.000141 
-0.005534 
0.000694 
-0.007680 
0.003483 
-0.004506 
-0.003616 
0.001018 
-0.003787 
-0.009751 
-0.001302 
0.004399 
-0.002482 
-0.003843 
0.008232 
-0.007612 
0.004135 
-0.004556 
-0.007445 
-0.005461 
-0.000429 
-0.008218 
-0.007195 
0.004496 
-0.004084 
-0.001944 
0.010882 
-0.005726 
0.006253 
-0.004992 
-0.007450 
-0.014404 
0.001535 
-0.009275 
-0.005774 
0.006116 
-0.006643 
0.000611 
0.011547 
-0.007302 
0.008334 
-0.003452 
-0.008921 
-0.012731 
-0.001151 
-0.013498 
-0.007842 
0.009407 
-0.008180 
0.001227 
0.008062 
-0.009204 
0.008151 
-0.002709 
-0.013791 
-0.007040 
-0.004664 
-0.015866 
-0.009708 
0.012091 
-0.013046 
0.005957 
0.007673 
-0.007720 
0.006280 
0.000353 
-0.016031 
-0.003760 
-0.005273 
-0.018278 
-0.012764 
0.011209 
-0.013181 
0.007633 
0.009245 
-0.002913 
0.001202 
-0.005522 
-0.018160 
-0.008182 
0.003774 
-0.013585 
-0.010009 
0.008494 
-0.011183 
0.000172 
0.013213 
0.002606 
0.000420 
-0.005944 
-0.016562 
-0.011944 
0.012533 
-0.004332 
-0.009442 
0.007425 
-0.008344 
-0.005113 
0.011166 
0.003143 
-0.001140 
0.002752 
-0.010807 
-0.009892 
0.011134 
0.001929 
-0.008737 
0.009369 
-0.002995 
-0.007387 
0.011060 
-0.002704 
-0.001422 
0.009538 
-0.004613 
-0.009552 
0.008034 
0.003855 
-0.001344 
0.008158 
-0.004672 
-0.008959 
0.006688 
-0.001871 
-0.003602 
0.006636 
-0.003711 
-0.005006 
0.003327 
0.004110 
0.000439 
0.009071 
-0.008629 
-0.006045 
0.003643 
0.002046 
-0.008788 
0.004418 
-0.000117 
0.000794 
-0.000165 
-0.000929 
-0.006929 
0.008803 
-0.000157 
-0.002665 
0.005641 
0.001516 
-0.013755 
0.000739 
-0.001748 
0.000644 
-0.000633 
0.002163 
-0.008390 
0.010429 
0.003876 
-0.005984 
0.004766 
-0.001181 
-0.012396 
-0.000153 
0.001192 
-0.001845 
-0.002420 
0.002664 
-0.010295 
0.009427 
0.005531 
-0.008805 
0.003999 
-0.001423 
-0.009948 
0.000440 
0.002820 
-0.004754 
-0.001236 
0.002632 
-0.010140 
0.009995 
0.004153 
-0.006024 
0.000667 
0.001293 
-0.010617 
0.000934 
0.002307 
-0.006618 
0.001597 
0.001449 
-0.004656 
0.007786 
0.002367 
-0.006742 
-0.002487 
0.002193 
-0.010260 
-0.000568 
0.004430 
-0.009757 
0.000299 
0.005233 
-0.003051 
-0.001749 
0.001460 
-0.012711 
-0.000745 
0.005293 
-0.012146 
0.000001 
0.003442 
-0.004787 
-0.005396 
0.000627 
-0.008577 
-0.001257 
0.008588 
0.002487 
-0.000019 
-0.002120 
-0.000283 
-0.004930 
-0.000170 
-0.005753 
-0.004054 
-0.000804 
-0.002997 
0.004251 
0.003131 
-0.000438 
0.006371 
-0.001590 
0.003000 
-0.006457 
0.000710 
-0.006841 
-0.006562 
-0.006316 
0.001797 
0.004725 
-0.001374 
-0.000975 
0.005697 
-0.003466 
0.007789 
-0.007146 
-0.000442 
-0.005893 
-0.006888 
-0.009695 
0.002822 
0.006566 
-0.001674 
0.000326 
0.006986 
-0.011759 
0.010876 
-0.006404 
-0.007804 
-0.003992 
-0.002796 
-0.011327 
0.001395 
0.006171 
-0.003762 
0.002141 
0.009763 
-0.012784 
0.007465 
-0.004065 
-0.011749 
-0.003930 
0.001854 
-0.011967 
-0.001368 
0.008268 
-0.013215 
0.003130 
0.012442 
-0.011216 
0.006143 
-0.001473 
-0.016567 
-0.006839 
0.002787 
-0.015102 
0.000658 
0.008831 
-0.015126 
0.003264 
0.012067 
-0.013516 
0.007188 
0.002534 
-0.017801 
-0.008158 
-0.000892 
-0.014130 
-0.000593 
0.009833 
-0.016499 
0.004447 
0.012243 
-0.014065 
0.005762 
0.001217 
-0.017173 
-0.005082 
-0.000832 
-0.013367 
-0.002628 
0.012246 
-0.016726 
0.004143 
0.010430 
-0.011950 
0.003190 
-0.000837 
-0.013074 
-0.000932 
0.004145 
-0.014462 
-0.007618 
0.010775 
-0.015710 
0.004283 
0.010052 
-0.007144 
0.000490 
-0.002087 
-0.013412 
-0.002369 
0.008665 
-0.010241 
-0.008450 
0.006569 
-0.014430 
0.003318 
0.009371 
0.001176 
-0.002491 
0.002721 
-0.013247 
-0.006745 
0.010985 
-0.003598 
-0.007154 
0.008433 
-0.006979 
0.000578 
0.005354 
-0.001322 
-0.003829 
0.010239 
-0.006033 
-0.008929 
0.010137 
-0.001532 
-0.007181 
0.009716 
-0.001340 
-0.004051 
0.007392 
-0.005443 
-0.001505 
0.010072 
-0.003609 
-0.008506 
0.006511 
0.002043 
-0.004766 
0.008514 
-0.006511 
-0.004049 
0.008423 
-0.002890 
-0.004131 
0.008635 
-0.006226 
-0.008456 
0.004075 
0.005279 
-0.001787 
0.011183 
-0.012310 
-0.003296 
0.007903 
0.002246 
-0.010902 
0.008371 
-0.001451 
-0.002627 
0.003859 
-0.000703 
-0.006345 
0.010829 
-0.002613 
-0.003643 
0.008635 
-0.002172 
-0.013381 
0.005945 
-0.000497 
-0.002853 
0.004122 
0.000052 
-0.010592 
0.012388 
0.002425 
-0.007895 
0.006345 
-0.003568 
-0.011044 
0.004143 
0.001950 
-0.006628 
0.002488 
-0.000482 
-0.014524 
0.014892 
0.004577 
-0.009183 
0.004428 
-0.002638 
-0.006676 
0.004265 
0.000517 
-0.008133 
-0.001097 
0.000552 
-0.014017 
0.012427 
0.004617 
-0.004126 
0.003344 
0.000464 
-0.003980 
0.005399 
0.000612 
-0.009658 
-0.003064 
0.000417 
-0.010514 
0.007181 
0.001303 
0.001111 
0.003176 
0.001742 
-0.004722 
-0.002694 
0.003189 
-0.013224 
-0.000731 
0.005285 
-0.010697 
0.004200 
0.004236 
-0.005160 
0.001361 
0.005285 
-0.009979 
0.001383 
0.003916 
0.001008 
0.000679 
-0.001058 
0.001697 
-0.009528 
0.001198 
0.005335 
-0.004134 
-0.006082 
0.001415 
-0.000973 
-0.001109 
0.000753 
-0.000541 
-0.003783 
0.003354 
-0.002943 
-0.000083 
0.005409 
0.001780 
-0.004229 
0.003579 
-0.000941 
-0.002908 
-0.002199 
-0.003723 
-0.010090 
0.006121 
0.001276 
-0.001426 
0.002879 
0.003101 
-0.004723 
0.006553 
-0.002511 
-0.004240 
-0.003309 
-0.002738 
-0.013231 
0.005313 
0.004372 
-0.001914 
-0.001273 
0.008086 
-0.012572 
0.010294 
-0.002542 
-0.010890 
-0.003317 
0.001667 
-0.014733 
0.005210 
0.006099 
-0.003954 
0.004273 
0.006140 
-0.015756 
0.008035 
-0.000740 
-0.016322 
0.000925 
0.004359 
-0.014065 
0.009232 
0.008082 
-0.015813 
0.005103 
0.006661 
-0.014329 
0.004627 
0.005726 
-0.018285 
0.004359 
0.006627 
-0.015956 
0.008517 
0.006714 
-0.019350 
0.004070 
0.008043 
-0.014157 
0.003535 
0.008834 
-0.019029 
0.004859 
0.007327 
-0.015278 
0.007586 
0.003835 
-0.017566 
0.002711 
0.010654 
-0.013446 
0.002242 
0.007238 
-0.017919 
0.004938 
0.004736 
-0.014516 
0.004586 
0.006977 
-0.013737 
0.001604 
0.009452 
-0.009406 
0.001735 
0.005484 
-0.013951 
0.004360 
0.004612 
-0.012183 
-0.000471 
0.007528 
-0.011491 
-0.000753 
0.008386 
-0.003590 
0.000437 
0.001851 
-0.015978 
0.002697 
0.005104 
-0.008785 
-0.004957 
0.008144 
-0.008194 
-0.000082 
0.009313 
-0.002895 
0.000879 
0.002591 
-0.012316 
-0.002748 
0.003221 
-0.005377 
-0.005150 
0.010557 
-0.005642 
0.002681 
0.012764 
-0.006639 
-0.001590 
0.004558 
-0.006613 
-0.009377 
0.006698 
-0.007466 
-0.004258 
0.014009 
-0.002395 
0.002020 
0.010893 
-0.006842 
0.000236 
0.005940 
-0.007468 
-0.008293 
0.009100 
-0.004886 
-0.005043 
0.013718 
-0.011145 
-0.002407 
0.010193 
-0.002778 
-0.003440 
0.009910 
-0.011556 
-0.002839 
0.006732 
-0.000007 
-0.011238 
0.013859 
-0.010920 
-0.000333 
0.009762 
-0.000189 
-0.008895 
0.011420 
-0.003247 
-0.003584 
0.008271 
-0.001170 
-0.012676 
0.013377 
-0.003416 
-0.001976 
0.007744 
-0.006856 
-0.009555 
0.009571 
0.000721 
-0.009132 
0.007527 
-0.001335 
-0.010620 
0.012336 
-0.002171 
-0.005679 
0.007047 
-0.004717 
-0.007612 
0.007940 
0.002468 
-0.011030 
0.004102 
-0.000284 
-0.007947 
0.009579 
-0.001535 
-0.007289 
0.005612 
-0.000081 
-0.005494 
0.008335 
0.000065 
-0.006810 
0.001388 
-0.001278 
-0.008903 
0.007122 
-0.000297 
-0.002385 
0.007380 
-0.000731 
-0.004804 
0.004182 
-0.000524 
-0.004986 
-0.002441 
-0.000563 
-0.010668 
0.007544 
0.000607 
0.001545 
0.007063 
0.000851 
-0.003305 
-0.000796 
0.001449 
-0.009648 
-0.000680 
0.003673 
-0.013308 
0.005968 
0.004217 
-0.002117 
0.005117 
0.003897 
-0.010787 
-0.004679 
0.003051 
0.004814 
0.001548 
-0.001404 
0.004068 
-0.016317 
0.002182 
0.003919 
-0.006736 
-0.001815 
0.004035 
-0.001563 
-0.000389 
0.000859 
0.003806 
-0.001640 
0.006020 
-0.011530 
-0.001595 
0.003982 
-0.002030 
-0.002495 
0.005961 
-0.001502 
-0.004256 
-0.002524 
0.002614 
-0.007491 
0.007401 
-0.004597 
-0.003736 
0.003136 
0.003303 
-0.003241 
0.006588 
-0.001955 
-0.005046 
-0.002230 
0.002046 
-0.015626 
0.009277 
0.000922 
-0.004760 
0.003185 
0.007438 
-0.010674 
0.005776 
0.000643 
-0.010546 
0.001930 
0.005075 
-0.017707 
0.006780 
0.004812 
-0.005884 
0.004251 
0.004595 
-0.012797 
0.004327 
0.003691 
-0.018354 
0.006469 
0.007893 
-0.016200 
0.004239 
0.005924 
-0.012228 
0.007469 
0.004662 
-0.013469 
0.001169 
0.007595 
-0.019978 
0.005862 
0.009547 
-0.016463 
0.005243 
0.005978 
-0.015520 
0.006091 
0.008032 
-0.013882 
0.000897 
0.007936 
-0.016996 
0.005530 
0.008996 
-0.013983 
0.007233 
0.003886 
-0.016623 
0.004480 
0.007399 
-0.012864 
0.003617 
0.005947 
-0.012076 
0.006732 
0.007522 
-0.011513 
0.006676 
0.001911 
-0.014692 
0.001265 
0.005987 
-0.006437 
0.001300 
0.005752 
-0.014648 
0.004041 
0.006579 
-0.009136 
0.003317 
0.005624 
-0.011383 
-0.003566 
0.008342 
-0.002715 
-0.000105 
0.004468 
-0.015360 
-0.000444 
0.005798 
-0.006218 
-0.001962 
0.007192 
-0.006032 
-0.004563 
0.013688 
-0.004285 
-0.001727 
0.003730 
-0.014287 
-0.000945 
0.007465 
-0.007663 
-0.003270 
0.011533 
-0.007080 
-0.003171 
0.013829 
-0.005127 
-0.001696 
0.006171 
-0.008148 
-0.004927 
0.008715 
-0.009571 
-0.002863 
0.016801 
-0.005649 
0.001107 
0.008494 
-0.006591 
-0.002267 
0.009970 
-0.014584 
-0.004500 
0.008764 
-0.004260 
-0.006278 
0.014370 
-0.008674 
0.001512 
0.010207 
-0.004278 
-0.006102 
0.013563 
-0.011923 
-0.000282 
0.009035 
-0.000309 
-0.011766 
0.013092 
-0.007181 
0.000902 
0.008218 
-0.006495 
-0.009670 
0.012128 
-0.001234 
-0.001258 
0.008788 
-0.001746 
-0.012694 
0.014801 
-0.003497 
-0.001558 
0.006955 
-0.008935 
-0.009156 
0.010611 
0.000270 
-0.005339 
0.005117 
-0.000481 
-0.008943 
0.013320 
-0.004784 
-0.005972 
0.005770 
-0.003343 
-0.006275 
0.011379 
0.001958 
-0.006348 
0.004865 
-0.000242 
-0.004147 
0.007874 
-0.004161 
-0.007708 
0.007364 
-0.004598 
-0.006122 
0.007192 
-0.000237 
-0.003263 
0.004800 
-0.001522 
-0.002384 
0.009403 
-0.004388 
-0.003002 
0.006845 
-0.002508 
-0.007609 
0.003820 
0.000770 
0.001233 
0.001484 
-0.000697 
-0.005492 
0.010148 
-0.002552 
0.001173 
0.004416 
-0.001910 
-0.009015 
0.004192 
0.003499 
-0.003230 
-0.000498 
0.002650 
-0.011867 
0.005520 
0.000795 
-0.005065 
0.009565 
0.001590 
-0.014397 
-0.012662 
0.002649 
0.008732 
-0.004976 
-0.002084 
0.006864 
-0.018960 
0.000437 
0.004184 
-0.009567 
0.003309 
0.010255 
-0.010105 
-0.000524 
0.004184 
0.001201 
-0.003724 
0.005955 
-0.014557 
-0.002006 
0.004818 
-0.001629 
0.000373 
0.012731 
-0.004448 
-0.005811 
0.000735 
0.003896 
-0.003326 
0.009033 
-0.010310 
-0.005313 
0.006131 
0.002011 
-0.004638 
0.010433 
-0.000906 
-0.006413 
-0.001389 
0.005172 
-0.010182 
0.010188 
-0.003473 
-0.008411 
0.007409 
0.005963 
-0.009361 
0.004418 
0.003467 
-0.010388 
0.005885 
0.006442 
-0.014498 
0.010089 
0.001808 
-0.012168 
0.008034 
0.001005 
-0.013585 
0.003251 
0.007176 
-0.017223 
0.007030 
0.005940 
-0.013380 
0.007979 
0.004600 
-0.012926 
0.006859 
0.005023 
-0.015063 
0.003818 
0.008951 
-0.016481 
0.008216 
0.007559 
-0.015129 
0.009896 
0.004060 
-0.017277 
0.006905 
0.008905 
-0.017902 
0.005980 
0.006083 
-0.014928 
0.007767 
0.010111 
-0.012922 
0.009156 
0.003388 
-0.016483 
0.005876 
0.009927 
-0.016768 
0.005023 
0.001864 
-0.014393 
0.003155 
0.010603 
-0.008415 
0.004379 
0.006593 
-0.018193 
0.001841 
0.010827 
-0.010098 
0.003449 
0.003147 
-0.013237 
-0.002503 
0.011239 
-0.006601 
-0.000398 
0.009051 
-0.016566 
-0.003044 
0.014410 
-0.005368 
0.001081 
0.003081 
-0.012650 
-0.006715 
0.013860 
-0.006267 
-0.003911 
0.009977 
-0.012039 
-0.004777 
0.014468 
-0.004230 
0.000662 
0.007363 
-0.010324 
-0.005379 
0.013525 
-0.009464 
-0.004695 
0.012568 
-0.009471 
-0.002828 
0.009823 
-0.004687 
-0.001262 
0.014714 
-0.012642 
-0.002176 
0.010372 
-0.007035 
-0.002298 
0.012834 
-0.010730 
0.001177 
0.005118 
-0.007511 
-0.002913 
0.015930 
-0.015596 
-0.000080 
0.009126 
-0.002292 
-0.004655 
0.008546 
-0.007313 
0.003150 
0.004475 
-0.009954 
-0.004588 
0.013857 
-0.009312 
0.001578 
0.009646 
-0.001446 
-0.009150 
0.009225 
-0.000188 
0.001772 
0.001634 
-0.009254 
-0.007248 
0.010490 
-0.002871 
0.001754 
0.004672 
-0.004579 
-0.007960 
0.013121 
-0.002142 
0.000898 
0.003513 
-0.003235 
-0.006755 
0.010852 
-0.005174 
-0.004605 
0.006483 
-0.003556 
-0.004589 
0.011138 
-0.003908 
-0.000983 
0.006903 
-0.005326 
-0.004580 
0.008819 
-0.003406 
-0.005065 
0.006717 
-0.002294 
-0.001950 
0.010118 
-0.004209 
-0.002310 
0.005873 
-0.004259 
-0.005023 
0.006724 
-0.002981 
-0.000558 
0.008254 
-0.001385 
-0.004690 
0.010684 
-0.005097 
-0.000858 
0.005559 
-0.004552 
-0.003438 
0.007918 
-0.001293 
0.002728 
0.005722 
-0.002021 
-0.004351 
0.009183 
-0.004559 
0.001899 
0.008018 
-0.005787 
-0.008772 
0.006464 
0.000862 
-0.000556 
0.005577 
0.000226 
-0.010215 
0.008379 
-0.003603 
-0.004172 
0.011110 
-0.002793 
-0.014822 
-0.018435 
-0.000590 
0.008490 
-0.009256 
-0.003908 
0.010338 
-0.016568 
-0.003292 
0.018133 
-0.009317 
0.000145 
0.014460 
-0.017120 
-0.000036 
0.006278 
0.000072 
-0.000188 
0.009539 
-0.014692 
-0.002924 
0.010912 
-0.002467 
-0.002433 
0.011397 
-0.007303 
-0.001743 
0.003272 
0.007975 
-0.001315 
0.006752 
-0.010157 
-0.002951 
0.004776 
0.002102 
-0.007838 
0.006661 
-0.001157 
-0.005927 
0.003082 
0.010205 
-0.006179 
0.005892 
-0.002851 
-0.006914 
0.007097 
0.000888 
-0.011053 
0.002580 
0.006518 
-0.008549 
0.005369 
0.007725 
-0.008612 
0.006664 
-0.000025 
-0.012339 
0.005086 
-0.000608 
-0.013967 
0.002805 
0.008648 
-0.012052 
0.006832 
0.007769 
-0.011638 
0.007796 
-0.000088 
-0.016203 
0.003574 
0.004988 
-0.014917 
0.007402 
0.006594 
-0.013787 
0.004725 
0.007994 
-0.014243 
0.007393 
0.000994 
-0.017327 
0.006914 
0.010596 
-0.015493 
0.010118 
0.003630 
-0.015064 
0.003551 
0.013118 
-0.015217 
0.008648 
0.005035 
-0.017700 
0.006781 
0.011461 
-0.016510 
0.004875 
0.004741 
-0.017179 
0.002443 
0.013638 
-0.009389 
0.005553 
0.007929 
-0.019803 
0.002848 
0.011643 
-0.015804 
0.003814 
0.006707 
-0.016723 
-0.000115 
0.015397 
-0.004527 
0.004655 
0.010634 
-0.021085 
-0.001380 
0.013430 
-0.013834 
-0.000440 
0.010125 
-0.013637 
-0.002591 
0.018345 
-0.004426 
0.001444 
0.008206 
-0.021244 
-0.004514 
0.015109 
-0.010345 
-0.000512 
0.014643 
-0.008740 
-0.001579 
0.012992 
-0.009420 
0.000149 
0.009557 
-0.016188 
-0.001544 
0.008296 
-0.009878 
0.000575 
0.015948 
-0.009303 
0.001398 
0.007773 
-0.005283 
-0.000773 
0.008777 
-0.011538 
0.002132 
0.001062 
-0.012370 
-0.003343 
0.011501 
-0.010622 
0.002666 
0.009249 
-0.003943 
-0.001142 
0.006560 
-0.008713 
0.002790 
-0.001289 
-0.013716 
-0.003596 
0.007651 
-0.005342 
0.003769 
0.005618 
-0.003121 
-0.004227 
0.005398 
-0.005802 
0.003037 
0.003773 
-0.007511 
-0.006316 
0.009528 
-0.002670 
0.002610 
0.004213 
-0.003884 
-0.006016 
0.006765 
-0.006902 
0.003137 
0.005961 
-0.005778 
-0.006675 
0.010299 
-0.005536 
-0.003116 
0.005782 
-0.002511 
-0.004721 
0.011199 
-0.005356 
0.000111 
0.004812 
-0.006547 
-0.005279 
0.007384 
-0.007019 
-0.005490 
0.008769 
-0.002302 
-0.001001 
0.012114 
-0.006335 
-0.001158 
0.007979 
-0.006730 
-0.001474 
0.011547 
-0.006246 
0.001307 
0.008190 
-0.003384 
-0.003869 
0.008766 
-0.007950 
0.001272 
0.007445 
-0.007697 
0.000155 
0.010655 
-0.003575 
0.004768 
0.007834 
-0.004207 
-0.006466 
0.009296 
-0.007974 
0.004352 
0.006514 
-0.007305 
-0.005398 
0.007328 
-0.003480 
-0.000594 
0.010913 
-0.002830 
-0.011046 
0.009383 
-0.005126 
0.002551 
0.008812 
-0.004980 
-0.012814 
-0.019579 
-0.001753 
0.010828 
-0.007771 
-0.004009 
0.013312 
-0.016022 
-0.003613 
0.017952 
-0.009748 
-0.004102 
0.013212 
-0.015662 
0.000675 
0.007848 
-0.001309 
0.000503 
0.011698 
-0.012570 
-0.004325 
0.012425 
-0.003917 
-0.005627 
0.006288 
-0.007361 
0.001503 
0.006400 
0.003280 
-0.002719 
0.009944 
-0.009640 
-0.006857 
0.004951 
0.002557 
-0.008912 
0.003377 
-0.003165 
-0.003144 
0.008254 
0.007982 
-0.004838 
0.009468 
-0.003945 
-0.009245 
-0.000015 
0.000475 
-0.011480 
0.002145 
0.004080 
-0.008768 
0.008839 
0.005897 
-0.010016 
0.008504 
-0.000517 
-0.011810 
0.002324 
0.001123 
-0.015522 
0.003168 
0.006677 
-0.012802 
0.008892 
0.005350 
-0.012354 
0.006735 
0.000290 
-0.017937 
0.002414 
0.007388 
-0.014308 
0.008661 
0.000156 
-0.016542 
0.002289 
0.010857 
-0.017278 
0.007454 
0.002940 
-0.022375 
0.002825 
0.014489 
-0.011140 
0.013290 
-0.001192 
-0.016942 
0.003214 
0.014623 
-0.020187 
0.004738 
0.008929 
-0.022115 
0.007058 
0.012993 
-0.010712 
0.007780 
0.007769 
-0.021134 
0.001640 
0.015916 
-0.016494 
0.004520 
0.012100 
-0.018541 
0.008381 
0.010615 
-0.017779 
0.003727 
0.015217 
-0.023976 
-0.000387 
0.018604 
-0.007728 
0.005973 
0.010996 
-0.020743 
0.003246 
0.011806 
-0.019745 
0.000892 
0.016283 
-0.019151 
-0.000359 
0.020008 
-0.001440 
0.007803 
0.007580 
-0.025276 
-0.000584 
0.015063 
-0.017230 
0.000040 
0.017346 
-0.009565 
0.005605 
0.014276 
-0.001977 
0.006281 
0.007384 
-0.022937 
-0.000865 
0.008668 
-0.017225 
-0.002492 
0.015467 
-0.010998 
0.008541 
0.009961 
-0.005485 
0.004134 
0.009761 
-0.020367 
0.003044 
-0.000343 
-0.018068 
-0.002155 
0.010656 
-0.007149 
0.006424 
0.007135 
-0.010224 
0.001430 
0.012863 
-0.012525 
0.002589 
-0.005064 
-0.011566 
-0.005305 
0.008215 
-0.004323 
0.004705 
0.007948 
-0.005110 
-0.000101 
0.003087 
-0.009153 
-0.000642 
0.003750 
-0.005902 
-0.005320 
0.010277 
-0.008051 
0.003761 
0.008168 
-0.004363 
-0.002772 
0.002951 
-0.007907 
-0.001290 
0.007963 
-0.007802 
-0.006423 
0.009654 
-0.009533 
-0.001097 
0.008604 
-0.004240 
-0.002893 
0.012466 
-0.006306 
-0.001327 
0.007048 
-0.009044 
-0.006489 
0.010741 
-0.007687 
-0.001042 
0.010297 
-0.006254 
0.000449 
0.013250 
-0.008559 
-0.002214 
0.008354 
-0.009874 
-0.002523 
0.012287 
-0.006430 
0.002605 
0.008386 
-0.007730 
-0.000514 
0.011461 
-0.009471 
-0.001206 
0.006772 
-0.009051 
-0.002642 
0.011886 
-0.006990 
0.005934 
0.009843 
-0.006523 
-0.004069 
0.009327 
-0.009350 
0.001851 
0.004627 
-0.006981 
-0.005257 
0.010746 
-0.004929 
0.002463 
0.011306 
-0.005456 
-0.010407 
0.008276 
-0.004993 
0.003014 
0.006172 
-0.007125 
-0.009668 
-0.016309 
-0.003108 
0.019150 
-0.008543 
-0.004318 
0.014814 
-0.012246 
-0.000493 
0.009237 
-0.009359 
-0.001841 
0.008835 
-0.012688 
-0.003271 
0.016179 
-0.001871 
-0.000772 
0.008547 
-0.008211 
-0.002805 
0.006842 
-0.005634 
-0.004353 
0.006144 
-0.006733 
-0.000362 
0.008847 
0.004861 
-0.002355 
0.006283 
-0.006619 
-0.002538 
0.005395 
-0.002835 
-0.007697 
-0.001508 
-0.001178 
-0.005323 
0.008426 
0.005494 
-0.006426 
0.005531 
-0.005759 
-0.008397 
0.002595 
0.002377 
-0.013097 
0.000471 
0.000965 
-0.011499 
0.003719 
0.007964 
-0.014039 
0.008454 
-0.001393 
-0.013791 
-0.000623 
0.006922 
-0.019464 
0.007944 
-0.001022 
-0.017492 
0.000519 
0.012988 
-0.013009 
0.009746 
0.002529 
-0.020769 
0.000157 
0.012079 
-0.018085 
0.010848 
-0.001541 
-0.020173 
0.001810 
0.014207 
-0.015286 
0.011472 
0.007097 
-0.025514 
0.003389 
0.013428 
-0.013577 
0.009215 
0.007545 
-0.019160 
0.006558 
0.012048 
-0.017229 
0.007583 
0.011226 
-0.024391 
0.004196 
0.010117 
-0.015538 
0.002195 
0.012242 
-0.023146 
0.006475 
0.014612 
-0.018262 
0.006572 
0.011224 
-0.020113 
0.002598 
0.011076 
-0.015526 
0.001092 
0.012912 
-0.020566 
0.002331 
0.013807 
-0.014960 
0.004301 
0.009898 
-0.016600 
0.000602 
0.014853 
-0.017212 
0.003459 
0.012288 
-0.018281 
0.002061 
0.018050 
-0.009868 
0.003967 
0.011518 
-0.018658 
0.000126 
0.010826 
-0.017945 
0.002478 
0.015367 
-0.015571 
0.004415 
0.017936 
-0.009198 
0.004018 
0.015201 
-0.020710 
0.001109 
0.006524 
-0.015581 
-0.002313 
0.017223 
-0.013539 
0.006414 
0.011237 
-0.010909 
0.002734 
0.013165 
-0.018033 
0.002191 
0.002243 
-0.010151 
-0.005336 
0.014591 
-0.009921 
0.005884 
0.005981 
-0.008996 
0.002846 
0.008727 
-0.009555 
0.001795 
0.000968 
-0.010880 
-0.004400 
0.008542 
-0.010602 
0.004944 
0.011200 
-0.005687 
0.001915 
0.002425 
-0.009919 
0.000514 
0.006547 
-0.007809 
-0.003358 
0.008562 
-0.008115 
0.002301 
0.011982 
-0.005102 
-0.002187 
0.005855 
-0.008707 
-0.002757 
0.008303 
-0.009442 
-0.007151 
0.010989 
-0.010010 
-0.001314 
0.009366 
-0.004495 
-0.003851 
0.009425 
-0.007700 
-0.003672 
0.010175 
-0.007047 
-0.007265 
0.011716 
-0.009010 
-0.001386 
0.008297 
-0.007859 
0.000021 
0.015414 
-0.006321 
-0.003680 
0.007571 
-0.008451 
-0.006742 
0.009442 
-0.006440 
0.001976 
0.006156 
-0.007710 
0.001487 
0.014888 
-0.006982 
-0.003079 
0.005030 
-0.007332 
-0.008319 
0.009294 
-0.006278 
0.006006 
0.006715 
-0.004374 
-0.002847 
0.008860 
-0.005654 
-0.000520 
0.005703 
-0.006297 
-0.009445 
0.006485 
-0.006661 
0.005776 
0.009069 
-0.003371 
-0.008043 
0.008138 
-0.003580 
-0.001333 
0.007465 
-0.006603 
-0.009431 
-0.014651 
-0.001426 
0.010809 
-0.008357 
-0.005337 
0.010190 
-0.006028 
-0.002777 
0.007916 
-0.003704 
-0.001415 
0.008806 
-0.012220 
-0.005675 
0.008878 
-0.006044 
-0.004527 
0.007478 
-0.003334 
-0.003931 
0.007261 
-0.002720 
-0.002617 
0.010071 
-0.009991 
-0.007527 
0.004671 
0.003730 
-0.005494 
0.001751 
-0.001169 
-0.004419 
0.006352 
0.001602 
-0.005588 
0.007679 
-0.005518 
-0.009172 
0.000099 
0.009600 
-0.009485 
0.004794 
0.000427 
-0.006681 
0.007382 
0.004088 
-0.009611 
0.005023 
0.003823 
-0.014207 
0.000415 
0.011355 
-0.017723 
0.008252 
0.005183 
-0.010810 
0.005532 
0.008948 
-0.015469 
0.001700 
0.007121 
-0.022636 
0.002202 
0.013449 
-0.017607 
0.009910 
0.004755 
-0.017264 
0.002292 
0.012196 
-0.014879 
0.005592 
0.007767 
-0.025383 
0.002561 
0.012603 
-0.014754 
0.013245 
0.005807 
-0.020684 
0.000803 
0.013482 
-0.011478 
0.003628 
0.011233 
-0.023746 
0.005238 
0.009677 
-0.018133 
0.009110 
0.009773 
-0.020609 
0.002255 
0.011197 
-0.008808 
-0.000701 
0.011414 
-0.021444 
0.007916 
0.009988 
-0.019989 
0.005411 
0.009699 
-0.017224 
0.001690 
0.011571 
-0.006823 
-0.000323 
0.009804 
-0.019857 
0.005987 
0.011356 
-0.019426 
0.003887 
0.010634 
-0.012984 
-0.001409 
0.009463 
-0.007604 
0.002374 
0.010385 
-0.021141 
0.005384 
0.018161 
-0.018459 
0.001985 
0.013893 
-0.008046 
-0.001538 
0.004381 
-0.010940 
0.002734 
0.014048 
-0.019564 
0.005181 
0.015799 
-0.010968 
-0.000850 
0.009069 
-0.005464 
0.001606 
0.003745 
-0.009448 
-0.000789 
0.016574 
-0.016408 
0.001857 
0.008524 
-0.008117 
0.000994 
0.008516 
-0.008174 
0.003796 
0.006156 
-0.006457 
-0.003725 
0.017510 
-0.009704 
0.000541 
0.006254 
-0.004536 
0.001359 
0.007636 
-0.009057 
0.003817 
0.005761 
-0.007925 
-0.007871 
0.008298 
-0.009394 
0.001294 
0.011923 
-0.003519 
0.000842 
0.008142 
-0.009381 
0.002189 
0.005001 
-0.008079 
-0.005601 
0.007854 
-0.009424 
0.001532 
0.014815 
-0.006089 
-0.002196 
0.009032 
-0.009684 
-0.003344 
0.006610 
-0.007051 
-0.007051 
0.011982 
-0.010472 
0.000703 
0.011475 
-0.004161 
-0.004234 
0.008365 
-0.007093 
-0.007511 
0.007447 
-0.004559 
-0.008605 
0.011896 
-0.004621 
-0.000030 
0.007928 
-0.005400 
-0.003677 
0.007321 
-0.003172 
-0.006661 
0.005803 
-0.006270 
-0.006817 
0.013013 
-0.002787 
0.000743 
0.004145 
-0.003510 
-0.005484 
0.007208 
-0.004887 
-0.003623 
0.006200 
-0.007813 
-0.007322 
0.010328 
-0.004142 
0.001583 
0.004074 
-0.001457 
-0.004620 
0.008389 
-0.004417 
-0.001520 
0.008873 
-0.008361 
-0.009750 
0.006121 
-0.002780 
0.000671 
0.008097 
-0.002841 
-0.006306 
0.011946 
-0.003912 
-0.001875 
0.008131 
-0.006227 
-0.011186 
1.013834