-0.009043 
-0.006684 
-0.014082 
0.001517 
-0.002426 
-0.002282 
0.005599 
-0.000395 
-0.007314 
0.007120 
0.005450 
0.011350 
-0.005592 
-0.007240 
-0.007376 
0.003002 
-0.002010 
-0.004846 
0.003879 
0.002423 
-0.002283 
0.007767 
0.001412 
0.009517 
-0.004060 
-0.006529 
-0.003417 
0.004227 
-0.001493 
-0.009431 
0.003536 
0.002349 
0.005350 
0.008026 
0.000090 
0.000376 
-0.004405 
-0.007681 
-0.016035 
0.007396 
0.004463 
-0.005726 
0.001258 
0.002492 
-0.002136 
0.012017 
-0.000399 
0.001845 
-0.003209 
-0.006665 
-0.019225 
0.008406 
0.001559 
0.004725 
0.006239 
-0.000196 
-0.008149 
0.013551 
-0.008118 
0.009849 
0.001094 
-0.004966 
-0.012848 
0.010256 
-0.006057 
0.012971 
0.005120 
-0.006151 
-0.001400 
0.011427 
-0.016304 
0.016103 
0.002917 
-0.001622 
-0.000618 
0.006912 
-0.011588 
0.011001 
0.005969 
-0.011986 
0.008743 
0.004734 
-0.019180 
0.015470 
0.006581 
-0.007472 
0.008766 
0.003630 
-0.016932 
0.004364 
0.004626 
-0.017419 
0.012711 
0.002851 
-0.016668 
0.017629 
0.004773 
-0.007745 
0.010902 
0.003760 
-0.026108 
0.005547 
0.003517 
-0.018130 
0.014645 
0.001863 
-0.013322 
0.015210 
0.005047 
-0.017882 
0.008770 
0.005164 
-0.027243 
0.012108 
0.003217 
-0.016362 
0.015198 
0.002091 
-0.014413 
0.014340 
0.006037 
-0.025379 
0.008492 
0.004597 
-0.024145 
0.012653 
0.000628 
-0.012674 
0.011514 
0.003822 
-0.016363 
0.014444 
0.007261 
-0.025079 
0.009006 
0.003648 
-0.021350 
0.014137 
-0.000884 
-0.014726 
0.008728 
0.004976 
-0.019549 
0.012699 
0.007646 
-0.022615 
0.010621 
0.001324 
-0.020597 
0.014873 
0.001807 
-0.018725 
0.010452 
0.008932 
-0.020640 
0.009693 
0.006933 
-0.019678 
0.016336 
-0.003481 
-0.021925 
0.014778 
0.004434 
-0.021187 
0.013100 
0.007727 
-0.015452 
0.008809 
0.000451 
-0.021660 
0.017473 
-0.005378 
-0.024007 
0.012263 
0.009579 
-0.017082 
0.013928 
0.000014 
-0.006355 
0.011241 
-0.001251 
-0.015948 
0.016010 
-0.011640 
-0.021016 
-0.001077 
0.007456 
-0.006357 
0.014398 
-0.007750 
-0.001354 
0.014321 
-0.002304 
-0.019012 
0.010320 
-0.010742 
-0.011696 
-0.004456 
0.001757 
0.001393 
0.016336 
-0.006133 
-0.003782 
0.014078 
-0.003700 
-0.016710 
0.003640 
-0.002981 
-0.008791 
0.000609 
0.001794 
-0.002963 
0.013461 
0.002677 
-0.004732 
0.012093 
-0.004401 
-0.007550 
0.005215 
-0.003060 
-0.010827 
0.006985 
0.003125 
-0.006503 
0.009833 
0.002491 
-0.002945 
0.013383 
0.001013 
-0.008639 
0.008854 
-0.004332 
-0.013071 
0.003619 
0.003065 
-0.007025 
0.011708 
0.003641 
-0.004766 
0.013921 
0.001083 
-0.011327 
0.009346 
-0.005652 
-0.009857 
0.001816 
-0.000326 
-0.004020 
0.008820 
-0.001527 
0.000266 
0.013020 
-0.007691 
-0.009228 
-0.006447 
0.002426 
-0.001292 
0.004566 
0.010965 
0.001936 
-0.004026 
0.005007 
0.001971 
0.004225 
0.000669 
-0.007367 
-0.001085 
0.001732 
-0.001677 
0.003448 
0.005311 
0.002311 
-0.000695 
0.005031 
0.000937 
0.002281 
-0.000455 
-0.004461 
0.004613 
0.005542 
-0.004200 
-0.000910 
0.002236 
0.001151 
0.001673 
0.006170 
-0.001205 
-0.006393 
-0.002810 
-0.006010 
-0.004683 
0.012632 
0.002030 
0.002254 
0.004517 
-0.002251 
-0.008306 
0.009368 
-0.003640 
-0.006166 
0.006053 
-0.000371 
-0.010993 
0.018874 
-0.004366 
0.010461 
0.005166 
-0.004618 
-0.017763 
0.009614 
-0.008494 
0.000403 
0.010422 
-0.003074 
-0.003425 
0.020913 
-0.012077 
0.018323 
0.005047 
-0.009244 
-0.011704 
0.008818 
-0.017820 
0.009619 
0.011395 
-0.009850 
0.009413 
0.016157 
-0.016712 
0.019021 
0.007591 
-0.010394 
0.001047 
0.007687 
-0.025909 
0.013629 
0.014457 
-0.014299 
0.012874 
0.012579 
-0.018972 
0.018932 
0.007350 
-0.018878 
0.007154 
0.005592 
-0.022271 
0.013604 
0.017223 
-0.015106 
0.016566 
0.008144 
-0.021498 
0.020816 
0.006414 
-0.025978 
0.008483 
0.001755 
-0.016054 
0.011126 
0.012066 
-0.019106 
0.016776 
0.009953 
-0.022188 
0.024021 
0.001952 
-0.024991 
0.007549 
0.003842 
-0.012886 
0.009949 
0.007786 
-0.018871 
0.017775 
0.010347 
-0.022316 
0.024999 
-0.002295 
-0.017191 
0.003461 
0.005149 
-0.018455 
0.010222 
0.007354 
-0.016719 
0.016123 
0.009267 
-0.017212 
0.019999 
-0.002463 
-0.013726 
0.003337 
-0.000579 
-0.022275 
0.010894 
0.008358 
-0.015406 
0.016474 
0.010615 
-0.017340 
0.016978 
-0.002508 
-0.018228 
0.008713 
-0.001912 
-0.021969 
0.011668 
0.008635 
-0.016257 
0.019782 
0.002268 
-0.015694 
0.015793 
-0.003468 
-0.021931 
0.012536 
-0.000115 
-0.012953 
0.013337 
0.007034 
-0.015895 
0.017198 
-0.007110 
-0.013467 
0.015089 
-0.001966 
-0.019315 
0.016845 
-0.004448 
-0.006913 
0.012771 
0.000866 
-0.011740 
0.014262 
-0.013243 
-0.015548 
0.014714 
-0.000564 
-0.009545 
0.016038 
-0.009697 
-0.003199 
0.013537 
-0.006716 
-0.008654 
0.016313 
-0.011945 
-0.015587 
0.008265 
-0.003375 
-0.002680 
0.017497 
-0.008600 
-0.001799 
0.013583 
-0.004633 
-0.008115 
0.015046 
-0.002126 
-0.010809 
0.004320 
-0.000293 
-0.001868 
0.017027 
-0.004698 
-0.005128 
0.012147 
-0.002088 
-0.004400 
0.012636 
-0.001888 
-0.008025 
0.007779 
0.001982 
-0.005660 
0.012669 
0.000543 
-0.005644 
0.014785 
0.002524 
-0.006005 
0.014850 
0.001206 
-0.010908 
0.015851 
-0.001000 
-0.006360 
0.013918 
-0.002463 
-0.009046 
0.011416 
0.002977 
-0.007865 
0.018864 
0.000599 
-0.010511 
0.014249 
-0.003809 
-0.005689 
0.015372 
-0.005463 
-0.005934 
0.011739 
0.005961 
-0.005350 
-0.008051 
0.003814 
-0.002679 
0.002548 
0.006808 
0.002940 
0.004418 
0.004179 
-0.000129 
0.000471 
0.007076 
-0.002542 
-0.002114 
0.005877 
-0.000610 
0.007385 
0.002024 
0.001979 
0.004832 
0.005014 
-0.001235 
-0.008730 
0.002397 
-0.001547 
0.001712 
0.008639 
0.001626 
-0.000155 
0.004345 
0.003664 
-0.002714 
0.007566 
-0.000450 
-0.015377 
0.005078 
-0.001237 
-0.003536 
0.015457 
-0.000375 
0.002476 
0.007865 
-0.001278 
-0.012846 
0.009169 
-0.003082 
-0.015085 
0.015268 
0.000320 
-0.010260 
0.020258 
-0.003808 
0.009212 
0.008620 
-0.005717 
-0.021521 
0.009761 
-0.012376 
-0.008120 
0.017145 
-0.002200 
-0.002202 
0.019917 
-0.007658 
0.015885 
0.006361 
-0.011973 
-0.019905 
0.011632 
-0.023033 
0.001816 
0.018521 
-0.003701 
0.009934 
0.016774 
-0.020217 
0.019055 
0.011412 
-0.018733 
-0.007812 
0.012073 
-0.027746 
0.005302 
0.017641 
-0.009634 
0.011202 
0.011515 
-0.016239 
0.020624 
0.014402 
-0.024794 
0.000236 
0.010312 
-0.024706 
0.005755 
0.014399 
-0.014968 
0.014417 
0.007029 
-0.011177 
0.022189 
0.007530 
-0.025582 
0.000265 
0.008088 
-0.013133 
0.006065 
0.007756 
-0.011908 
0.017225 
0.008223 
-0.011697 
0.018573 
0.003685 
-0.024200 
0.001196 
0.004379 
-0.008066 
0.009871 
0.002763 
-0.010924 
0.011749 
0.008190 
-0.010085 
0.017366 
-0.001006 
-0.013558 
0.001742 
0.001561 
-0.006877 
0.012890 
0.001912 
-0.011336 
0.005610 
0.003264 
-0.015429 
0.016371 
-0.005989 
-0.005286 
0.006084 
0.000906 
-0.008723 
0.019181 
0.001859 
-0.014327 
0.007951 
0.004878 
-0.015349 
0.012433 
-0.003247 
-0.009259 
0.008968 
-0.002773 
-0.006536 
0.021241 
-0.000021 
-0.021345 
0.008518 
0.004472 
-0.013490 
0.010657 
0.000762 
-0.013574 
0.015345 
0.002494 
-0.007334 
0.020768 
0.003350 
-0.020614 
0.007015 
-0.004809 
-0.009234 
0.009602 
-0.004261 
-0.009796 
0.022425 
0.000532 
-0.006302 
0.017427 
-0.001497 
-0.015498 
0.011390 
-0.010482 
-0.006913 
0.009325 
-0.001457 
-0.007527 
0.022690 
-0.010654 
-0.000138 
0.012548 
-0.006070 
-0.005279 
0.017315 
-0.014913 
-0.012395 
0.008988 
0.002469 
-0.002176 
0.023031 
-0.014911 
-0.000270 
0.007831 
-0.003983 
-0.004040 
0.020730 
-0.011740 
-0.017519 
0.007468 
0.000383 
0.000860 
0.023623 
-0.011876 
-0.004523 
0.010902 
0.002588 
-0.007870 
0.019279 
-0.003201 
-0.011284 
0.014023 
0.000014 
-0.005344 
0.019268 
-0.005688 
-0.010755 
0.014760 
0.001330 
-0.005424 
0.021239 
0.001167 
-0.014257 
0.016032 
-0.001559 
-0.008506 
0.021002 
-0.005734 
-0.008929 
0.011963 
-0.001886 
-0.004670 
0.024758 
-0.001603 
-0.005574 
0.021993 
-0.003476 
-0.008792 
0.021498 
-0.008429 
-0.010062 
0.006022 
0.009684 
-0.000812 
-0.007480 
0.002869 
0.001043 
-0.005513 
0.006247 
-0.000653 
0.006162 
0.002749 
-0.001247 
-0.000109 
0.004641 
0.004748 
-0.006151 
0.003376 
0.001986 
-0.007044 
0.004638 
0.003030 
0.003618 
0.005379 
-0.000730 
-0.007290 
0.002971 
0.003704 
-0.006178 
0.005715 
0.000367 
-0.013176 
0.006220 
0.005203 
-0.000640 
0.007284 
0.000239 
-0.013321 
0.007451 
-0.001029 
-0.009410 
0.013340 
-0.001853 
-0.009613 
0.010452 
0.003930 
-0.007425 
0.008580 
-0.008223 
-0.015881 
0.011680 
0.001615 
-0.012269 
0.016506 
-0.003251 
0.002542 
0.010729 
-0.001829 
-0.014383 
0.011136 
-0.020454 
-0.015061 
0.014485 
0.003264 
-0.003770 
0.018968 
-0.013868 
0.011006 
0.009526 
-0.009815 
-0.015501 
0.013889 
-0.027992 
-0.010943 
0.013280 
-0.001771 
0.005558 
0.016072 
-0.019501 
0.011971 
0.012062 
-0.018630 
-0.014157 
0.015517 
-0.020959 
-0.004487 
0.015726 
-0.014567 
0.007028 
0.012183 
-0.013669 
0.010038 
0.014523 
-0.025234 
-0.010879 
0.011760 
-0.010798 
-0.003287 
0.011196 
-0.017800 
0.005986 
0.005124 
-0.007050 
0.008763 
0.011263 
-0.022214 
-0.006913 
0.009354 
-0.003368 
0.003389 
0.004531 
-0.016692 
0.003173 
0.004441 
-0.004959 
0.009495 
0.008444 
-0.013315 
-0.005166 
0.004025 
0.001397 
0.008003 
0.001685 
-0.012620 
-0.001468 
0.005836 
-0.008509 
0.010261 
0.005746 
-0.010093 
-0.000343 
0.002753 
-0.001739 
0.014791 
-0.002146 
-0.008756 
-0.001483 
0.005449 
-0.016367 
0.011697 
-0.003070 
-0.008109 
0.001049 
0.003797 
-0.002616 
0.019077 
-0.002180 
-0.013913 
0.003030 
-0.001741 
-0.018193 
0.009909 
-0.008442 
-0.007975 
0.009330 
0.000405 
0.001029 
0.024751 
-0.005861 
-0.023028 
0.003683 
0.001830 
-0.013159 
0.012185 
-0.005525 
-0.004926 
0.015248 
0.001821 
0.000420 
0.022029 
-0.006572 
-0.022255 
0.009478 
-0.004970 
-0.011552 
0.013669 
-0.003318 
-0.000171 
0.019648 
0.001017 
-0.002257 
0.014283 
-0.005563 
-0.016807 
0.015922 
-0.012880 
-0.008844 
0.014022 
0.000747 
0.002032 
0.018584 
-0.005165 
-0.002207 
0.007836 
-0.002408 
-0.004091 
0.023306 
-0.017922 
-0.008450 
0.010540 
-0.000351 
0.000383 
0.020397 
-0.011804 
-0.003537 
0.004700 
0.000813 
0.000100 
0.029141 
-0.018750 
-0.011194 
0.012588 
0.000999 
-0.002771 
0.023365 
-0.017905 
-0.008974 
0.002622 
0.001672 
-0.004516 
0.026943 
-0.008499 
-0.009981 
0.020341 
-0.002769 
-0.005523 
0.020223 
-0.010678 
-0.014939 
0.005808 
-0.001117 
-0.004397 
0.027974 
-0.005508 
-0.009493 
0.016072 
-0.006658 
-0.006879 
0.017757 
-0.011577 
-0.009056 
0.010401 
-0.003529 
-0.003360 
0.029970 
-0.007294 
-0.007445 
0.012210 
-0.008515 
-0.005355 
0.015912 
-0.008159 
-0.005379 
0.006189 
0.002151 
0.001330 
-0.001326 
0.001769 
-0.001679 
-0.007329 
0.006358 
-0.006354 
0.006642 
0.002964 
-0.001061 
0.002988 
0.003104 
0.001911 
-0.004546 
0.006198 
-0.001940 
-0.016395 
0.008230 
0.001510 
0.004327 
0.003347 
0.001762 
-0.008358 
0.008306 
0.001864 
-0.010039 
0.011161 
-0.002342 
-0.022175 
0.009105 
0.006184 
0.001132 
0.004631 
-0.000783 
-0.018793 
0.016179 
0.003027 
-0.015413 
0.014897 
-0.008175 
-0.019407 
0.012615 
0.005258 
-0.005319 
0.008230 
-0.011005 
-0.021020 
0.020145 
0.002653 
-0.015417 
0.015424 
-0.017379 
-0.009096 
0.012916 
0.004264 
-0.012704 
0.010560 
-0.014413 
-0.013922 
0.016122 
-0.005913 
-0.011695 
0.016911 
-0.023343 
0.002817 
0.011584 
-0.009706 
-0.015137 
0.019894 
-0.009057 
-0.003891 
0.015184 
-0.018063 
-0.006402 
0.012595 
-0.022656 
0.003419 
0.013153 
-0.010148 
-0.011114 
0.020253 
-0.007073 
0.001099 
0.013036 
-0.027288 
-0.004184 
0.006437 
-0.022837 
0.002344 
0.015818 
-0.005203 
-0.006758 
0.016321 
-0.000204 
0.006642 
0.005043 
-0.027608 
-0.007242 
0.006243 
-0.011115 
0.002929 
0.016305 
-0.001438 
-0.003350 
0.011674 
0.002050 
0.009679 
0.004258 
-0.022187 
-0.005345 
0.006930 
-0.010043 
0.000105 
0.014530 
0.002875 
0.004491 
0.011768 
-0.004435 
0.010764 
0.005647 
-0.014264 
-0.006809 
0.005208 
-0.010526 
0.006593 
0.011971 
-0.006264 
0.005469 
0.010636 
-0.014313 
0.017741 
-0.001048 
-0.012058 
-0.003909 
0.005881 
-0.009776 
0.015798 
0.004350 
-0.014240 
0.006661 
0.006635 
-0.011604 
0.020452 
-0.004469 
-0.011583 
0.003249 
-0.003107 
-0.011000 
0.020210 
-0.004000 
-0.018567 
0.010066 
0.003998 
-0.002503 
0.019385 
-0.004648 
-0.013105 
0.009840 
-0.003284 
-0.011135 
0.018270 
-0.005195 
-0.012756 
0.014006 
0.002965 
-0.002208 
0.015516 
-0.009408 
-0.011506 
0.013156 
-0.003259 
-0.006257 
0.014803 
-0.004030 
-0.001872 
0.011879 
-0.000355 
-0.001547 
0.007489 
-0.000118 
-0.003323 
0.017756 
-0.010922 
-0.002786 
0.008814 
-0.004266 
0.002692 
0.012224 
-0.006348 
-0.001029 
-0.005278 
0.006145 
0.005612 
0.025733 
-0.013019 
-0.004173 
0.006265 
-0.001519 
0.003795 
0.011506 
-0.011598 
-0.004192 
-0.013241 
0.004450 
0.003034 
0.027140 
-0.014898 
-0.006893 
0.008335 
-0.000330 
0.001681 
0.008602 
-0.013193 
-0.006256 
-0.006289 
0.002045 
-0.002683 
0.025459 
-0.008063 
-0.011931 
0.016358 
-0.002500 
-0.002185 
0.012016 
-0.008921 
-0.011188 
0.003110 
-0.003189 
-0.007081 
0.023785 
-0.007726 
-0.006746 
0.013701 
-0.004972 
-0.004179 
0.014185 
-0.005213 
-0.006405 
0.008133 
-0.007163 
-0.003939 
0.023305 
-0.004232 
-0.007298 
0.005514 
-0.004458 
-0.003933 
0.013873 
-0.006538 
-0.004660 
0.006461 
0.000861 
-0.004203 
-0.003620 
0.004041 
-0.003244 
-0.005261 
0.008640 
-0.003089 
0.001512 
0.007933 
0.001009 
0.001078 
0.009311 
-0.004990 
-0.007281 
0.006820 
-0.002934 
-0.012000 
0.011630 
0.002190 
0.003081 
0.004912 
0.001313 
-0.012178 
0.011263 
-0.002008 
-0.005633 
0.006390 
-0.004522 
-0.016200 
0.011713 
0.004221 
0.000205 
0.007332 
-0.005384 
-0.015857 
0.013029 
-0.000780 
-0.008183 
0.010222 
-0.009906 
-0.016339 
0.012535 
0.003106 
-0.003325 
0.008921 
-0.011660 
-0.013710 
0.011436 
-0.003161 
-0.011468 
0.013194 
-0.017645 
-0.013646 
0.009387 
-0.002377 
-0.005386 
0.015153 
-0.002493 
-0.004399 
0.011047 
-0.012782 
-0.015416 
0.017277 
-0.018316 
-0.008008 
0.008149 
-0.008442 
-0.009172 
0.024383 
-0.004048 
0.007195 
0.008079 
-0.018461 
-0.018691 
0.013134 
-0.013886 
-0.004453 
0.012176 
-0.007515 
-0.009116 
0.022360 
-0.003177 
0.008645 
0.010861 
-0.022450 
-0.015667 
0.004201 
-0.013185 
-0.003981 
0.018109 
-0.003518 
-0.000453 
0.017515 
-0.002687 
0.006593 
0.009190 
-0.019761 
-0.011381 
0.000963 
-0.014616 
-0.001396 
0.019981 
-0.004465 
0.003546 
0.012588 
-0.003423 
0.007771 
0.006042 
-0.015374 
-0.004303 
0.003542 
-0.015298 
0.005524 
0.019873 
-0.003223 
0.006779 
0.007676 
-0.014454 
0.005371 
0.006012 
-0.012654 
-0.004273 
0.006506 
-0.012194 
0.013257 
0.013749 
-0.008682 
0.000744 
0.005297 
-0.020071 
0.012045 
0.001693 
-0.011345 
-0.002230 
0.005338 
-0.005477 
0.017996 
0.006194 
-0.015565 
-0.001871 
0.002149 
-0.018631 
0.019707 
-0.005900 
-0.012017 
0.002400 
0.000625 
-0.002599 
0.024189 
-0.005456 
-0.020536 
0.005242 
0.001531 
-0.006889 
0.017236 
-0.006670 
-0.009392 
0.013608 
-0.000025 
-0.002075 
0.022963 
-0.006530 
-0.019124 
0.007866 
-0.002126 
-0.000856 
0.007831 
-0.001250 
-0.005692 
0.019955 
-0.004350 
-0.002881 
0.011217 
-0.007006 
-0.003136 
0.010865 
-0.005738 
-0.002226 
-0.001066 
0.003388 
0.005570 
0.023055 
-0.008959 
-0.001994 
0.002463 
-0.005294 
-0.000467 
0.008595 
-0.007431 
-0.001886 
-0.012842 
0.005518 
0.006350 
0.024080 
-0.009738 
-0.001716 
0.002851 
0.000301 
0.002993 
0.004752 
-0.013289 
-0.001638 
-0.019045 
0.002036 
0.001141 
0.021142 
-0.011636 
-0.002910 
0.004188 
0.000780 
0.001383 
0.001489 
-0.009960 
0.001173 
-0.009915 
-0.001662 
-0.000842 
0.021272 
-0.009109 
-0.010245 
0.007286 
-0.003252 
-0.000011 
0.002652 
-0.004507 
-0.001203 
0.001303 
-0.007455 
-0.004112 
0.016413 
-0.009601 
-0.006516 
0.005929 
-0.004502 
0.000257 
0.004558 
0.000557 
-0.000072 
0.007463 
-0.008617 
-0.002538 
0.010770 
-0.009247 
-0.003761 
0.002542 
-0.003311 
-0.000116 
0.008210 
-0.001899 
-0.000449 
0.006309 
0.007115 
-0.006973 
-0.000821 
0.004800 
-0.002985 
-0.005801 
0.010166 
-0.001244 
-0.015483 
0.016681 
-0.000176 
-0.007377 
0.010233 
-0.005560 
-0.001496 
0.006243 
-0.004810 
-0.013947 
0.015477 
-0.000867 
-0.009682 
0.014668 
-0.002819 
-0.009237 
0.012088 
-0.001240 
-0.003815 
0.006889 
-0.007771 
-0.018754 
0.016487 
-0.000208 
-0.005871 
0.013166 
-0.009217 
-0.006395 
0.009566 
-0.004283 
-0.007348 
0.007961 
-0.016342 
-0.018982 
0.015241 
-0.002395 
0.002138 
0.013351 
-0.008553 
0.001902 
0.006826 
-0.008701 
-0.012829 
0.013656 
-0.014747 
-0.014889 
0.012614 
-0.008810 
0.002255 
0.016181 
-0.007522 
0.010493 
0.002844 
-0.018068 
-0.020770 
0.019450 
-0.008679 
-0.009424 
0.009050 
-0.009762 
0.003512 
0.020596 
-0.008682 
0.013324 
0.006919 
-0.017078 
-0.023047 
0.016938 
-0.005744 
-0.003301 
0.008715 
-0.009336 
0.004041 
0.015010 
-0.011096 
0.005789 
0.013480 
-0.011652 
-0.018181 
0.013197 
-0.003150 
0.002309 
0.012377 
-0.009399 
0.003951 
0.004353 
-0.010516 
-0.007071 
0.014955 
-0.006196 
-0.006273 
0.007062 
-0.004507 
0.005538 
0.010598 
-0.010073 
-0.002183 
0.005238 
-0.014052 
-0.011497 
0.013396 
-0.005408 
0.004461 
0.007758 
-0.013895 
0.006172 
0.009375 
-0.010988 
-0.007247 
0.006131 
-0.015911 
-0.006885 
0.005829 
-0.008095 
0.006893 
0.005438 
-0.018054 
0.013146 
0.006232 
-0.012876 
-0.009235 
0.000456 
-0.014310 
0.006227 
0.001249 
-0.013797 
0.005808 
0.005704 
-0.014664 
0.015949 
0.001064 
-0.011718 
-0.010323 
-0.003121 
-0.013561 
0.015092 
-0.005516 
-0.018109 
0.006564 
0.001954 
0.000146 
0.017992 
-0.009907 
-0.011904 
-0.002027 
-0.002242 
-0.004110 
0.012073 
-0.004463 
-0.011906 
0.013273 
-0.002327 
0.004151 
0.015324 
-0.008674 
-0.012137 
0.005112 
-0.002878 
-0.001111 
0.005591 
0.001473 
0.004005 
0.019115 
-0.006525 
0.002282 
0.009316 
-0.004120 
-0.005071 
0.004670 
-0.008387 
-0.003857 
-0.003511 
0.002950 
0.011891 
0.022022 
-0.007216 
0.002287 
-0.002317 
-0.004478 
-0.000474 
0.007555 
-0.014365 
-0.001068 
-0.014437 
0.005555 
0.010321 
0.021741 
-0.006842 
0.001420 
-0.007920 
-0.001623 
0.002739 
0.005782 
-0.016358 
-0.000690 
-0.018919 
0.003255 
0.002193 
0.008444 
-0.005513 
0.001579 
-0.004667 
-0.001459 
0.002066 
-0.001845 
-0.008308 
0.001675 
-0.007410 
-0.001408 
-0.000406 
0.001472 
-0.003487 
-0.003088 
0.000340 
-0.002812 
-0.000254 
-0.002852 
0.000386 
0.000891 
0.002930 
-0.003962 
0.000374 
0.000097 
-0.001071 
-0.001427 
0.003694 
-0.003316 
-0.002423 
-0.001539 
-0.002923 
0.000397 
0.004560 
-0.002386 
-0.001417 
0.003728 
-0.004743 
-0.002558 
0.001482 
-0.002953 
-0.000048 
0.003821 
-0.006940 
-0.000469 
0.002213 
0.015179 
-0.003451 
-0.006794 
0.014383 
-0.002891 
-0.003924 
0.007909 
-0.004514 
-0.019584 
0.014264 
-0.004972 
-0.017059 
0.016935 
-0.001773 
-0.004470 
0.009362 
-0.004347 
-0.014830 
0.011671 
-0.004061 
-0.019825 
0.013895 
-0.004931 
-0.012907 
0.014960 
-0.003566 
-0.004560 
0.008967 
-0.013508 
-0.014527 
0.014957 
-0.005134 
-0.014451 
0.014905 
-0.005494 
-0.004012 
0.013510 
-0.006789 
-0.007400 
0.011538 
-0.018200 
-0.010716 
0.016443 
-0.006299 
-0.003868 
0.007613 
-0.006880 
0.003770 
0.007274 
-0.019319 
-0.008447 
0.017469 
-0.009383 
-0.004964 
0.015270 
-0.006723 
0.004217 
0.007147 
-0.008321 
0.010112 
0.007670 
-0.019160 
-0.011361 
0.021578 
-0.008333 
0.001890 
0.009476 
-0.010427 
0.008726 
0.008668 
-0.006841 
0.005433 
0.012860 
-0.012276 
-0.010650 
0.017448 
-0.006275 
0.002615 
0.004028 
-0.006722 
0.005482 
0.004968 
-0.008176 
-0.009872 
0.017319 
-0.007608 
-0.005079 
0.014515 
-0.005191 
0.000812 
0.003495 
-0.004100 
-0.003788 
0.001201 
-0.009036 
-0.014317 
0.016656 
-0.006971 
-0.002291 
0.013529 
-0.005106 
-0.000673 
0.003012 
-0.005206 
-0.009467 
0.004922 
-0.013642 
-0.009235 
0.016964 
-0.003898 
0.000279 
0.009351 
-0.012589 
-0.000348 
0.001205 
-0.009860 
-0.007843 
0.005893 
-0.009432 
-0.005911 
0.007274 
-0.005483 
-0.002255 
0.002501 
-0.018245 
0.010433 
-0.001102 
-0.011707 
-0.009570 
0.005126 
-0.005730 
0.006457 
-0.000308 
-0.014392 
-0.001265 
-0.000420 
-0.018073 
0.019044 
-0.002454 
-0.007155 
-0.007148 
0.001955 
-0.004942 
0.009723 
-0.006144 
-0.016708 
0.005470 
-0.001754 
-0.005432 
0.012821 
-0.007244 
-0.007311 
-0.003324 
0.001673 
0.001941 
0.010756 
-0.002859 
-0.011090 
0.012650 
-0.004771 
0.001438 
0.009841 
-0.004187 
-0.007436 
0.002479 
-0.000342 
0.001172 
0.000608 
0.001618 
0.003854 
0.014573 
-0.004296 
0.000723 
0.003559 
-0.002180 
-0.002029 
0.005049 
-0.006053 
-0.001427 
-0.008802 
0.003965 
0.003285 
0.018697 
-0.003894 
0.002497 
-0.005321 
-0.001358 
0.003238 
0.001478 
-0.011713 
0.001531 
-0.016483 
0.005294 
0.005400 
0.018883 
-0.002890 
0.001103 
-0.006784 
0.000566 
0.004405 
-0.002825 
-0.018611 
0.000283 
-0.017948 
-0.000014 
0.001183 
0.003874 
0.000054 
0.001642 
-0.000388 
-0.005481 
0.002795 
-0.005584 
-0.010620 
0.001377 
-0.004416 
-0.001343 
0.000680 
-0.001922 
0.001175 
-0.000684 
0.005907 
-0.011299 
0.000718 
-0.005719 
-0.003146 
0.002206 
-0.000798 
-0.003175 
0.000897 
-0.004410 
0.001467 
0.000150 
0.004274 
-0.009326 
-0.000306 
-0.004750 
0.002139 
0.002470 
-0.001806 
-0.002726 
-0.001729 
0.002555 
-0.002701 
-0.001729 
0.003203 
-0.000095 
0.000939 
-0.001631 
-0.005724 
0.001502 
-0.003693 
0.017344 
-0.000940 
-0.014008 
0.020325 
-0.001115 
-0.007909 
0.003360 
-0.000491 
-0.023393 
0.009044 
-0.003108 
-0.013617 
0.018059 
-0.001392 
-0.012668 
0.014027 
-0.005976 
-0.006799 
0.003073 
-0.003172 
-0.019065 
0.012131 
-0.005404 
-0.012499 
0.016407 
-0.004662 
-0.009533 
0.011046 
-0.009508 
-0.003539 
0.007798 
-0.005152 
-0.015978 
0.006241 
-0.007025 
-0.002604 
0.013530 
-0.008465 
-0.004294 
0.010890 
-0.010719 
0.000929 
0.012418 
-0.004719 
-0.007691 
-0.007129 
-0.007791 
0.005639 
0.012682 
-0.013641 
0.001361 
0.016285 
-0.010792 
0.007934 
0.010066 
-0.007874 
0.001131 
-0.006611 
-0.007243 
0.008087 
0.011172 
-0.011214 
0.002792 
0.020728 
-0.005238 
0.006283 
-0.000562 
-0.009504 
0.008062 
-0.003676 
-0.002749 
-0.001848 
0.013669 
-0.004096 
0.001583 
0.016076 
-0.002837 
0.001935 
-0.004040 
-0.003750 
0.000738 
-0.001460 
0.000050 
-0.017864 
0.014558 
-0.003957 
0.003422 
0.011558 
-0.003414 
-0.001222 
-0.004351 
0.001800 
-0.004487 
0.003146 
-0.002919 
-0.021988 
0.015723 
-0.004035 
0.001588 
0.015807 
-0.007201 
-0.003567 
-0.003478 
0.006094 
-0.012589 
0.005913 
-0.008740 
-0.019885 
0.011852 
-0.003241 
-0.002158 
0.013906 
-0.010165 
0.000465 
-0.000796 
-0.005032 
-0.016732 
0.003868 
-0.005702 
-0.005073 
0.003377 
-0.007873 
-0.004870 
0.004449 
-0.010454 
0.007875 
0.000293 
-0.011223 
-0.013544 
0.000833 
0.001194 
0.007121 
0.000108 
-0.012094 
-0.005343 
0.000000 
-0.010640 
0.015353 
-0.007890 
-0.006717 
-0.003908 
-0.006108 
0.005007 
0.009227 
-0.003730 
-0.009234 
0.001137 
-0.001069 
-0.001975 
0.011179 
-0.010307 
-0.004773 
-0.001727 
-0.001932 
0.003594 
0.003664 
-0.000774 
-0.003215 
0.009757 
-0.003357 
0.002925 
0.007924 
-0.005484 
-0.000524 
-0.001504 
0.001908 
0.002311 
-0.015958 
0.002318 
0.000786 
0.012871 
-0.003216 
-0.000425 
0.005514 
0.002567 
0.001615 
-0.001444 
0.000756 
-0.000810 
-0.022106 
0.003613 
0.005224 
0.014733 
-0.003914 
-0.000124 
-0.003142 
0.007448 
0.007520 
-0.011686 
-0.005585 
-0.004628 
-0.016959 
0.004290 
0.005736 
0.011616 
-0.005261 
0.001342 
-0.006416 
0.003212 
0.002397 
-0.011436 
-0.009271 
-0.003247 
-0.005774 
-0.000862 
-0.001048 
0.004742 
-0.000327 
-0.001323 
0.001153 
-0.003791 
-0.001362 
-0.007748 
-0.007286 
0.001076 
0.004783 
-0.002560 
-0.000573 
-0.004996 
0.004145 
0.000191 
0.006301 
-0.008568 
-0.001842 
0.000343 
-0.002021 
-0.001052 
-0.000828 
-0.003068 
-0.002716 
-0.005751 
0.002348 
-0.000619 
0.005573 
-0.007359 
-0.001899 
0.002736 
0.005149 
0.001183 
-0.003894 
0.000509 
-0.000928 
0.000802 
-0.002951 
-0.001742 
0.000214 
0.003648 
0.000870 
-0.000907 
-0.006159 
0.002043 
-0.003981 
0.013448 
0.002068 
-0.013150 
0.017606 
0.002416 
-0.002752 
-0.002352 
0.005688 
-0.023102 
-0.000462 
-0.000960 
-0.015412 
0.016923 
0.003156 
-0.011963 
0.015162 
-0.001942 
-0.003736 
-0.004483 
0.001872 
-0.022275 
-0.002726 
-0.001007 
-0.008854 
0.015436 
0.001156 
-0.008842 
0.009000 
-0.001231 
0.002479 
-0.006340 
-0.001134 
-0.018150 
-0.004168 
-0.002887 
-0.000125 
0.011413 
0.000341 
-0.005540 
-0.002624 
-0.000886 
0.007335 
0.000523 
-0.000460 
-0.005083 
-0.008855 
-0.004568 
0.003222 
0.009896 
-0.002487 
0.003163 
0.003349 
-0.004052 
0.004352 
0.003999 
-0.003188 
0.004684 
-0.003963 
-0.003892 
0.002901 
0.011324 
-0.001072 
0.008393 
0.010981 
-0.000450 
-0.004026 
0.001619 
-0.005030 
0.005614 
0.003553 
-0.006941 
-0.008989 
0.003536 
0.000763 
0.001483 
0.009189 
0.004487 
-0.013743 
-0.002769 
0.000000 
0.001470 
0.009496 
-0.000734 
-0.010451 
0.005223 
0.004228 
-0.006631 
0.008425 
0.006021 
-0.011148 
-0.000156 
0.000643 
-0.004407 
0.012688 
-0.003251 
-0.012756 
0.004172 
0.003426 
-0.008411 
0.010561 
0.000297 
-0.001376 
0.006712 
0.004171 
-0.004346 
0.003968 
-0.006646 
-0.016700 
0.000529 
-0.000611 
-0.002332 
0.005643 
-0.003336 
0.004267 
0.009328 
-0.003424 
-0.007172 
0.002024 
0.001227 
-0.011794 
-0.000776 
-0.011333 
-0.000825 
0.005585 
-0.006184 
0.008985 
-0.003733 
-0.007338 
-0.015449 
-0.004193 
0.004915 
0.008882 
-0.003746 
-0.009652 
-0.007116 
0.000220 
-0.002160 
0.008735 
-0.004843 
-0.001840 
-0.013922 
-0.002635 
0.004863 
0.009505 
-0.003932 
-0.012712 
-0.002424 
-0.002119 
0.001558 
0.006464 
-0.005350 
0.002191 
-0.001440 
0.003793 
0.001439 
-0.001180 
0.003478 
-0.004758 
0.007419 
-0.003491 
0.002156 
-0.007022 
0.002148 
-0.000861 
0.001810 
0.006747 
-0.001090 
-0.013389 
0.004038 
-0.000059 
0.005059 
-0.000667 
0.001934 
-0.009752 
0.013413 
0.002746 
-0.000506 
0.004907 
-0.008663 
-0.014758 
0.003965 
0.008444 
-0.002831 
-0.000971 
0.001744 
-0.009868 
0.010725 
0.008562 
-0.006798 
-0.001931 
-0.007602 
-0.007674 
0.001025 
0.004584 
-0.002888 
-0.010126 
0.001403 
-0.007787 
0.004232 
0.000387 
-0.004832 
-0.000880 
0.003192 
0.003423 
-0.003268 
-0.000523 
-0.001724 
-0.009465 
-0.001907 
0.002562 
-0.002035 
-0.001192 
-0.001916 
0.001775 
0.002366 
0.008073 
-0.004878 
-0.002286 
-0.002629 
-0.000282 
-0.000725 
0.002113 
-0.002896 
-0.002238 
0.002489 
0.006150 
0.002190 
-0.000325 
-0.003515 
-0.002726 
-0.003229 
0.006767 
-0.000505 
-0.000415 
-0.002307 
-0.002726 
-0.000185 
0.005935 
0.004491 
-0.001778 
0.004579 
0.000306 
-0.003375 
-0.001880 
-0.001060 
-0.005359 
0.008650 
-0.000021 
-0.000072 
-0.006392 
0.001067 
-0.002789 
0.010947 
0.007904 
-0.015778 
0.010978 
0.006201 
-0.000669 
-0.004787 
0.006589 
-0.017593 
-0.017718 
-0.000269 
-0.005983 
0.011326 
0.005421 
-0.009185 
0.009037 
0.005357 
-0.002622 
-0.017085 
0.003950 
-0.015497 
-0.005869 
-0.000233 
0.001253 
0.007084 
0.002056 
-0.006183 
0.005036 
0.002898 
0.004635 
-0.020176 
-0.002467 
-0.010200 
0.000343 
0.001036 
0.008328 
0.008767 
0.000321 
-0.003567 
-0.005208 
-0.001202 
0.009556 
-0.010040 
-0.003859 
0.002699 
-0.006859 
0.000375 
0.006603 
0.007208 
0.000807 
0.002382 
-0.003530 
-0.003234 
0.001208 
0.000943 
0.000717 
0.013809 
-0.008495 
-0.002722 
-0.000890 
0.003663 
-0.000106 
0.007117 
0.005670 
-0.003693 
-0.007355 
-0.002831 
0.001624 
0.006204 
0.001292 
-0.001640 
-0.005604 
-0.001766 
0.002098 
-0.003125 
0.010535 
0.002722 
-0.017193 
-0.009463 
0.004694 
-0.008959 
0.010639 
0.001892 
0.002192 
0.000593 
0.005613 
-0.010278 
0.009902 
0.002970 
-0.023940 
-0.000556 
0.005332 
-0.009647 
0.011955 
-0.007077 
0.002040 
0.004936 
0.007979 
-0.018495 
0.004021 
0.001728 
-0.022738 
0.005659 
0.005986 
0.001054 
0.002106 
-0.006840 
-0.001920 
0.008929 
-0.000221 
-0.020253 
-0.001756 
0.001128 
-0.009683 
0.005952 
-0.004639 
0.007848 
0.000740 
-0.000148 
-0.005945 
-0.007764 
-0.005978 
-0.024504 
-0.001428 
0.005928 
0.003107 
-0.000928 
-0.006727 
-0.003422 
0.005374 
0.006622 
-0.000298 
-0.015644 
-0.004921 
-0.012999 
-0.007558 
0.007493 
0.004214 
0.000164 
0.000502 
-0.012934 
0.005760 
0.006887 
-0.002135 
-0.010513 
-0.002343 
-0.001187 
-0.003863 
0.003907 
-0.004227 
0.001774 
0.006672 
-0.007595 
0.005399 
0.003839 
-0.013066 
-0.006867 
0.000432 
0.002179 
0.001804 
0.005542 
-0.018419 
0.009310 
0.006824 
-0.005028 
0.005743 
-0.007576 
-0.013249 
0.005067 
0.004263 
-0.002608 
-0.000288 
0.004265 
-0.020304 
0.013999 
0.000418 
-0.005426 
-0.001068 
-0.004569 
-0.008628 
0.005733 
0.007933 
-0.011928 
-0.000797 
-0.001539 
-0.013134 
0.012058 
0.000345 
-0.001528 
0.001507 
0.001649 
-0.007150 
0.001357 
0.004394 
-0.008989 
-0.008228 
-0.000121 
0.000700 
0.001774 
-0.003642 
-0.001656 
0.000054 
0.005431 
0.000811 
-0.001142 
0.004071 
-0.002361 
-0.005590 
-0.002460 
0.007951 
-0.002707 
-0.000381 
-0.007183 
0.000480 
0.005081 
0.004156 
0.001217 
0.004181 
0.004710 
-0.002545 
-0.003853 
0.000501 
-0.003991 
-0.000744 
-0.004020 
0.004857 
0.006171 
-0.001528 
0.002221 
-0.000584 
0.002342 
0.004088 
-0.004378 
-0.002018 
-0.002003 
-0.000897 
-0.003661 
0.005112 
0.003926 
-0.002291 
0.009262 
0.001012 
-0.001624 
-0.005119 
-0.002256 
-0.001563 
0.005374 
-0.000594 
-0.001429 
-0.003354 
-0.000735 
-0.002962 
0.004820 
0.006822 
-0.015703 
-0.002483 
0.007156 
-0.004608 
-0.007701 
0.006822 
-0.003674 
-0.015451 
0.002208 
0.003732 
-0.004116 
0.003726 
-0.013742 
0.002011 
0.010034 
0.004481 
-0.015863 
0.003726 
0.002111 
-0.005189 
0.003515 
0.002386 
-0.011084 
0.001383 
-0.010932 
0.003641 
0.007482 
0.015013 
-0.014314 
-0.004323 
0.000888 
0.003074 
0.004144 
0.007490 
-0.006399 
-0.001016 
0.003059 
-0.001871 
0.001690 
0.014257 
-0.005755 
-0.006049 
-0.004201 
0.000465 
0.001768 
0.006937 
-0.001674 
0.000640 
0.009084 
-0.005724 
-0.001922 
-0.000084 
0.002257 
-0.001395 
0.001579 
-0.005477 
-0.001477 
0.005373 
-0.003231 
0.002918 
0.000428 
-0.002965 
-0.000098 
-0.008868 
-0.002203 
0.004170 
0.004094 
0.002514 
0.000224 
-0.000983 
-0.007499 
0.005564 
-0.009625 
0.005407 
0.004149 
-0.007190 
-0.010232 
0.006508 
-0.003848 
0.006849 
-0.002068 
0.002697 
-0.003487 
0.007224 
-0.012065 
0.004392 
-0.006262 
-0.013324 
-0.000639 
0.007603 
-0.007634 
0.005984 
-0.008055 
0.007533 
0.000837 
0.003507 
-0.008446 
-0.001294 
-0.006594 
-0.018605 
0.005095 
-0.002707 
0.001909 
0.003298 
-0.007478 
0.007253 
-0.000045 
-0.005525 
-0.012674 
0.000891 
-0.001396 
-0.019408 
0.007398 
-0.005123 
0.012131 
0.003015 
-0.003783 
-0.000016 
-0.004739 
-0.009723 
-0.022326 
0.002521 
0.007033 
-0.002254 
0.001811 
-0.005238 
0.006505 
0.009204 
-0.000667 
-0.004282 
-0.001730 
-0.004230 
-0.021520 
0.006673 
0.006406 
0.002402 
-0.000040 
-0.005112 
-0.004911 
0.008462 
-0.000515 
-0.011111 
0.002756 
0.004942 
-0.004431 
0.007612 
0.005323 
-0.003417 
0.004198 
-0.000695 
-0.009151 
0.001501 
-0.005089 
-0.018535 
0.010885 
0.003706 
0.003278 
0.011650 
0.000656 
-0.008494 
0.009121 
-0.000772 
-0.010613 
-0.003667 
-0.008369 
-0.016980 
0.012481 
0.001081 
0.004593 
0.005446 
-0.003042 
-0.007704 
0.011063 
-0.005435 
-0.008589 
-0.000715 
-0.002937 
-0.007318 
0.012061 
0.001098 
0.001977 
-0.002335 
-0.003835 
-0.003383 
0.008109 
-0.004078 
-0.002209 
0.004454 
-0.001079 
-0.003094 
0.003317 
-0.001407 
-0.000267 
-0.004385 
0.000286 
0.004609 
0.004377 
-0.003231 
0.000521 
0.004676 
-0.000923 
0.000263 
0.001433 
0.001896 
0.001603 
-0.004228 
0.001074 
0.007446 
0.001359 
-0.002164 
-0.004437 
0.005145 
0.002965 
-0.000367 
0.003273 
0.000357 
0.002761 
0.002804 
-0.000495 
0.000153 
0.002010 
-0.002376 
-0.006066 
0.002725 
0.005754 
-0.006007 
0.005036 
-0.000335 
0.000665 
0.003190 
-0.001089 
-0.001107 
0.003812 
0.000096 
-0.004862 
0.001344 
0.000214 
-0.007638 
0.012632 
0.002758 
-0.001767 
0.001429 
-0.002016 
0.000852 
-0.001012 
-0.000622 
-0.003104 
-0.002970 
-0.001712 
-0.009288 
-0.004503 
0.003723 
-0.005675 
-0.007110 
0.003328 
0.004657 
-0.008969 
0.009404 
-0.002279 
-0.017265 
0.002660 
0.006634 
-0.015702 
0.001828 
0.002438 
-0.002356 
0.007307 
0.006615 
-0.015426 
0.001577 
0.001998 
-0.005905 
0.002228 
0.008519 
-0.016322 
-0.002335 
-0.004069 
0.005065 
0.007884 
0.015906 
-0.013995 
-0.006918 
0.006832 
0.003466 
-0.001890 
0.007767 
-0.001663 
-0.001051 
-0.002805 
-0.000178 
0.003886 
0.013436 
-0.004359 
-0.007825 
-0.001327 
0.009068 
-0.005555 
0.005557 
0.000056 
0.003149 
0.003904 
-0.006920 
-0.000265 
0.001934 
0.002742 
-0.008348 
-0.003037 
0.012199 
-0.010861 
0.004351 
-0.008011 
0.007410 
-0.000825 
-0.004550 
0.000492 
-0.006133 
0.003411 
-0.006808 
0.000776 
0.007769 
-0.014431 
0.007564 
-0.015964 
0.006600 
-0.015185 
0.006260 
0.003914 
-0.001785 
-0.000175 
-0.009735 
0.002642 
0.007176 
-0.012837 
0.010111 
-0.008655 
0.005532 
-0.015104 
0.001966 
-0.008036 
0.002103 
0.003249 
-0.010317 
0.004141 
0.003260 
-0.011670 
0.012071 
-0.000916 
-0.005223 
-0.005513 
-0.002622 
-0.009891 
0.002566 
0.003587 
-0.013511 
0.008946 
-0.002019 
-0.012801 
0.010778 
0.000333 
-0.007867 
0.003263 
0.000070 
-0.006177 
-0.008333 
0.001627 
-0.014580 
0.011016 
0.003579 
-0.008158 
0.002717 
-0.001714 
-0.009296 
-0.003659 
0.009166 
-0.000448 
-0.006675 
-0.001958 
-0.015086 
0.005513 
0.013811 
-0.006278 
-0.003609 
0.007039 
-0.004596 
-0.013677 
0.010255 
0.005236 
-0.008938 
0.001066 
-0.005557 
-0.002572 
0.013109 
-0.008190 
-0.012985 
0.007557 
0.004233 
-0.007067 
0.009337 
0.005542 
-0.013059 
0.009792 
-0.001402 
-0.005484 
0.004211 
-0.008597 
-0.014065 
0.009433 
0.005519 
-0.006873 
0.007644 
0.001510 
-0.006430 
0.011901 
-0.003900 
-0.005371 
-0.000181 
-0.000275 
-0.011707 
0.013108 
-0.001782 
-0.003318 
0.005726 
-0.003921 
0.004070 
0.012228 
-0.002547 
-0.001052 
-0.007496 
-0.001366 
-0.004959 
0.008316 
-0.002895 
0.001980 
0.002236 
-0.002260 
0.002108 
0.009736 
0.001667 
0.001386 
-0.003022 
-0.001309 
-0.006845 
0.003868 
-0.004473 
0.004497 
0.002201 
-0.000732 
0.004684 
0.002055 
0.003840 
-0.002055 
-0.000732 
-0.000697 
-0.006842 
0.003150 
0.000508 
0.000109 
0.003842 
0.002543 
0.005183 
-0.001696 
0.003218 
-0.008327 
0.000458 
0.002378 
-0.009068 
0.001861 
-0.000272 
-0.002695 
0.004002 
0.003626 
-0.001583 
0.001564 
0.004120 
-0.011405 
-0.002764 
0.003786 
-0.007663 
0.008046 
0.003378 
-0.001986 
0.000303 
0.001945 
-0.001998 
0.001408 
0.000259 
-0.007618 
-0.004633 
0.000211 
-0.007412 
0.009048 
0.004246 
0.002942 
0.001672 
-0.001122 
-0.000744 
-0.002924 
0.000661 
-0.002219 
-0.005908 
-0.001005 
-0.013907 
-0.006183 
0.001911 
0.005591 
-0.010960 
0.000347 
0.011613 
-0.005064 
0.010779 
0.005369 
-0.016349 
-0.006375 
0.004665 
-0.014951 
-0.000474 
0.013674 
-0.000807 
0.002158 
0.009907 
-0.011900 
0.002895 
-0.003286 
-0.008019 
-0.011422 
0.015810 
-0.014553 
-0.002976 
0.010355 
0.008666 
0.005208 
0.009552 
-0.012739 
-0.014967 
0.003511 
0.002230 
-0.012966 
0.017979 
-0.000876 
-0.001556 
0.000223 
0.006490 
0.001829 
0.012282 
-0.007763 
-0.020013 
0.005202 
0.010077 
-0.016372 
0.014744 
0.005040 
0.002067 
-0.002100 
0.002664 
-0.003338 
0.015724 
-0.002163 
-0.019453 
0.004639 
0.014168 
-0.019568 
0.006105 
0.002617 
0.001491 
0.001792 
0.004423 
-0.007000 
0.012964 
0.006307 
-0.020719 
0.005105 
0.012122 
-0.023046 
0.005456 
-0.004270 
-0.005364 
0.005092 
0.009959 
-0.011202 
0.013265 
0.002578 
-0.019930 
0.006000 
0.009899 
-0.027676 
0.011901 
0.004856 
-0.013063 
0.001419 
0.008094 
-0.014492 
0.015388 
0.006526 
-0.024766 
0.008167 
0.007231 
-0.027386 
0.011857 
0.009440 
-0.016670 
0.006456 
0.005550 
-0.012814 
0.011809 
0.009634 
-0.026546 
0.006375 
0.004093 
-0.024902 
0.006363 
0.008376 
-0.013607 
0.011370 
0.004076 
-0.007883 
0.003061 
0.004515 
-0.025883 
0.007253 
0.005584 
-0.018553 
-0.000958 
0.002173 
-0.010011 
0.007532 
0.010452 
-0.004708 
-0.003724 
-0.000042 
-0.025679 
0.002956 
0.011262 
-0.010269 
-0.005232 
0.002071 
-0.005890 
0.002363 
0.013101 
-0.005202 
-0.008624 
0.008391 
-0.011424 
-0.000592 
0.008162 
-0.011732 
-0.009180 
0.006972 
-0.003066 
-0.003538 
0.010625 
-0.002703 
-0.011023 
0.014385 
-0.001024 
-0.002198 
0.003653 
-0.005137 
-0.008945 
0.011340 
-0.003199 
-0.002193 
0.005233 
0.000912 
-0.008411 
0.015154 
-0.001553 
-0.002423 
-0.003751 
-0.002487 
-0.006742 
0.013765 
-0.000640 
-0.004024 
0.001989 
0.001285 
0.004136 
0.013006 
-0.004919 
-0.001852 
-0.003378 
-0.002383 
-0.003751 
0.012566 
0.002012 
-0.000376 
0.000774 
-0.001722 
0.003643 
0.001836 
-0.000531 
0.001068 
0.000331 
-0.001467 
-0.003654 
0.002364 
0.001083 
0.001885 
0.004695 
-0.000523 
-0.003052 
0.001079 
0.003640 
-0.003796 
0.000646 
0.002419 
-0.005255 
-0.003830 
0.002487 
-0.004826 
0.004087 
0.000808 
-0.006309 
0.005678 
0.008316 
-0.007679 
0.002933 
0.003810 
-0.006244 
0.004237 
0.000533 
-0.007365 
-0.001960 
0.001848 
-0.006003 
0.005269 
0.008473 
-0.008229 
0.001207 
0.001848 
-0.007205 
0.006035 
0.000042 
-0.005432 
-0.005603 
-0.000115 
-0.003598 
0.006375 
0.000841 
-0.003646 
0.002471 
0.001334 
-0.006839 
0.003946 
0.002138 
0.000124 
-0.000532 
0.000307 
-0.005660 
0.005427 
0.002181 
-0.000185 
-0.007027 
0.000307 
-0.011479 
-0.003842 
0.002327 
0.007663 
-0.008283 
-0.008189 
0.018740 
-0.006371 
0.003473 
0.012203 
-0.015569 
-0.007070 
-0.001313 
-0.005578 
-0.005046 
0.010367 
-0.000033 
-0.004278 
0.019618 
-0.011049 
0.006887 
0.006054 
-0.013753 
-0.013527 
0.006607 
-0.010569 
-0.004503 
0.012630 
0.008655 
-0.001652 
0.018309 
-0.014599 
-0.008075 
-0.001891 
-0.007936 
-0.018645 
0.019756 
-0.003390 
-0.007780 
0.010846 
0.015014 
-0.004307 
0.017204 
-0.014079 
-0.017327 
-0.001955 
0.002044 
-0.019709 
0.021890 
0.003349 
-0.006102 
0.007330 
0.011987 
-0.009234 
0.010377 
-0.008949 
-0.020352 
0.009271 
0.006081 
-0.016845 
0.013964 
0.009475 
-0.007489 
0.007360 
0.007570 
-0.014260 
0.014473 
-0.002413 
-0.018706 
0.011375 
0.007318 
-0.018285 
0.008404 
0.008714 
-0.012267 
0.005992 
0.007805 
-0.018970 
0.016545 
0.001545 
-0.018069 
0.009718 
0.008586 
-0.020403 
0.008248 
0.010303 
-0.022250 
0.009937 
0.004441 
-0.020637 
0.019248 
0.003131 
-0.021836 
0.008750 
0.010482 
-0.022730 
0.003318 
0.010149 
-0.026296 
0.013797 
-0.000515 
-0.020947 
0.016463 
0.010941 
-0.021863 
0.005852 
0.010077 
-0.021159 
-0.002511 
0.004102 
-0.019887 
0.012561 
0.005801 
-0.012803 
0.010240 
0.009212 
-0.024941 
-0.002580 
0.009719 
-0.014421 
-0.006514 
-0.003433 
-0.021963 
0.009992 
0.010692 
-0.006838 
0.000113 
0.010423 
-0.018082 
-0.006983 
0.011322 
-0.010732 
-0.002480 
-0.000907 
-0.009522 
0.002526 
0.008798 
-0.009348 
-0.005099 
0.015103 
-0.010328 
-0.000843 
0.013455 
-0.008266 
-0.004992 
0.005202 
-0.005765 
-0.001032 
0.007634 
-0.006718 
-0.005139 
0.015344 
-0.000688 
0.004739 
0.007990 
-0.006654 
-0.009054 
0.011135 
-0.001840 
-0.000688 
0.002026 
-0.003968 
-0.000884 
0.018845 
-0.002466 
-0.003363 
-0.000732 
-0.006138 
-0.002221 
0.016026 
-0.002556 
0.002196 
-0.005856 
-0.004187 
-0.001204 
0.012328 
-0.005751 
-0.000738 
0.002631 
-0.002353 
0.004024 
0.002785 
0.002658 
-0.001056 
-0.001733 
-0.000305 
-0.005019 
0.004529 
-0.001428 
0.004520 
0.005929 
-0.000960 
0.001362 
-0.005733 
0.004551 
-0.009488 
0.003736 
0.003588 
-0.009170 
0.006503 
0.000671 
-0.003198 
0.006280 
0.002627 
-0.003794 
-0.003326 
0.007996 
-0.014003 
0.002725 
0.004332 
-0.011274 
0.001324 
0.004102 
-0.006670 
0.006653 
0.005859 
-0.009347 
0.006116 
0.004438 
-0.014063 
-0.001152 
0.002647 
-0.009568 
0.002419 
0.005250 
-0.004156 
0.008551 
0.003549 
-0.016436 
0.005517 
0.000346 
-0.008220 
-0.000606 
0.000489 
-0.004853 
0.011405 
0.001133 
-0.004939 
0.003024 
0.001188 
-0.012521 
0.004586 
0.005238 
0.000185 
0.000773 
0.002102 
-0.005506 
0.009975 
0.003276 
-0.002813 
-0.011404 
-0.004241 
-0.014150 
-0.002793 
0.000703 
0.009312 
-0.015481 
-0.009443 
0.008246 
-0.007649 
0.000491 
0.013627 
-0.006592 
0.001280 
0.012711 
-0.005088 
-0.004463 
0.003967 
-0.006617 
-0.012369 
0.018901 
-0.006313 
0.001360 
0.012514 
-0.005858 
-0.000795 
0.013057 
-0.009408 
-0.006813 
0.009107 
0.005864 
-0.010091 
0.020968 
-0.004127 
0.001323 
0.013424 
-0.006340 
-0.009263 
0.004317 
-0.011327 
-0.011689 
0.013294 
0.013110 
-0.004314 
0.026866 
-0.013162 
-0.007282 
0.004340 
-0.002390 
-0.012601 
0.009830 
-0.003156 
-0.009245 
0.015226 
0.011423 
-0.006630 
0.018623 
-0.013217 
-0.012983 
-0.003881 
-0.002627 
-0.005856 
0.015407 
0.007511 
-0.012072 
0.017568 
0.009706 
-0.014944 
0.009443 
-0.008192 
-0.014829 
0.004942 
0.003475 
-0.004129 
0.008826 
0.008292 
-0.017781 
0.010347 
0.011084 
-0.020685 
0.011441 
-0.005220 
-0.008287 
0.009114 
0.008684 
-0.009115 
0.002454 
0.008881 
-0.023794 
0.009998 
0.007246 
-0.020310 
0.013419 
-0.000036 
-0.010353 
0.005599 
0.006891 
-0.015821 
0.004158 
0.009554 
-0.022297 
0.011274 
0.004377 
-0.018472 
0.009732 
0.002816 
-0.013639 
0.001235 
0.008738 
-0.015655 
0.000225 
0.003085 
-0.025935 
0.004963 
0.007661 
-0.009756 
0.003652 
0.009282 
-0.015463 
-0.000355 
0.013385 
-0.007741 
-0.006108 
-0.002676 
-0.022571 
-0.001656 
0.009605 
-0.003942 
0.002642 
0.013815 
-0.008925 
-0.001069 
0.015262 
-0.006188 
-0.006269 
0.001351 
-0.008989 
0.001728 
0.009345 
-0.008689 
0.001353 
0.012672 
-0.007993 
-0.000413 
0.012688 
-0.008213 
-0.003253 
0.008170 
-0.003012 
0.001842 
0.004846 
-0.009344 
-0.001962 
0.015201 
-0.002996 
0.003128 
0.005785 
-0.006618 
-0.002346 
0.015269 
-0.005680 
-0.000698 
-0.005769 
-0.005910 
-0.000079 
0.015706 
-0.002964 
0.006185 
0.004357 
-0.004859 
0.001991 
0.006601 
-0.002853 
0.001683 
-0.005182 
-0.003414 
-0.004937 
0.009937 
-0.005448 
0.008423 
0.010991 
-0.003714 
0.004420 
-0.005047 
0.000361 
-0.005496 
0.000125 
0.000576 
-0.008827 
0.011039 
-0.001910 
0.004980 
0.011779 
-0.003923 
0.004670 
-0.002409 
0.003639 
-0.013311 
-0.000639 
0.005406 
-0.009066 
0.013760 
-0.001043 
-0.002260 
0.005647 
0.001275 
-0.007325 
0.003011 
0.008920 
-0.013104 
0.000891 
0.003131 
-0.009391 
0.005984 
0.002482 
-0.004346 
0.003852 
0.002950 
-0.019359 
0.002830 
0.007768 
-0.005672 
0.004620 
0.003645 
-0.009893 
0.007248 
0.002818 
-0.005668 
0.002803 
0.002903 
-0.026401 
0.012000 
0.004955 
-0.000057 
0.003657 
0.003070 
-0.005556 
0.015263 
0.001478 
-0.008414 
-0.006628 
-0.005871 
-0.024203 
0.010035 
0.007749 
0.005435 
0.001683 
0.003314 
-0.005701 
0.010035 
0.003680 
-0.011506 
-0.009258 
-0.007663 
-0.020642 
-0.009057 
-0.000272 
0.010297 
-0.015993 
-0.005943 
0.005918 
-0.006166 
-0.000763 
0.013526 
-0.002342 
0.001915 
0.015869 
-0.009717 
0.001383 
0.009114 
-0.018591 
-0.014146 
0.003405 
-0.006805 
0.002392 
0.012641 
0.003159 
0.001291 
0.018706 
-0.012011 
-0.005164 
0.003659 
-0.014621 
-0.015399 
0.010955 
-0.003788 
0.000573 
0.013794 
0.007409 
0.000297 
0.018045 
-0.014293 
-0.012350 
0.000112 
-0.001758 
-0.009273 
0.017513 
-0.000049 
-0.002716 
0.016922 
0.011111 
-0.002553 
0.008080 
-0.009284 
-0.017288 
0.008936 
0.007747 
-0.013971 
0.016670 
0.001476 
-0.004962 
0.013540 
0.006917 
-0.005260 
0.010581 
0.000229 
-0.015874 
0.011199 
0.006349 
-0.011824 
0.008833 
0.001489 
-0.006643 
0.009465 
0.011925 
-0.005575 
0.010478 
0.007076 
-0.015374 
0.008835 
0.008905 
-0.011328 
0.009047 
0.002727 
-0.008031 
0.007536 
0.014153 
-0.009282 
0.005757 
0.003449 
-0.011816 
0.005297 
0.010569 
-0.011385 
0.008201 
0.003611 
-0.007921 
0.005156 
0.013730 
-0.013182 
0.003855 
0.000598 
-0.014007 
0.000519 
0.011538 
-0.008157 
0.000296 
0.008840 
-0.010163 
0.001471 
0.010261 
-0.009952 
0.002866 
0.000435 
-0.015211 
-0.003324 
0.012048 
-0.006494 
-0.003611 
0.011636 
-0.010760 
0.001411 
0.006143 
-0.002061 
-0.000024 
0.004325 
-0.010681 
-0.004950 
0.016703 
-0.008002 
0.002375 
0.005113 
-0.007365 
0.001532 
0.004658 
-0.003078 
-0.003385 
0.008547 
-0.004400 
-0.004033 
0.015308 
-0.006840 
-0.002292 
0.003918 
-0.005320 
0.000065 
0.005467 
-0.004707 
-0.001352 
0.017156 
-0.007527 
0.000999 
0.008848 
-0.006428 
-0.000639 
0.003216 
-0.008134 
0.004043 
0.002981 
-0.006334 
0.006284 
0.017197 
-0.008896 
-0.002317 
-0.003394 
-0.004804 
0.002135 
0.001510 
-0.003137 
0.012068 
0.007772 
-0.002295 
0.005795 
0.003961 
-0.008883 
-0.003468 
0.002885 
-0.003717 
-0.000266 
0.003230 
-0.003380 
0.013182 
0.008941 
-0.000612 
0.005626 
-0.002007 
-0.004547 
-0.002755 
-0.002000 
-0.003303 
-0.007382 
0.013343 
0.002753 
0.005409 
0.010994 
-0.000182 
0.001378 
0.004042 
-0.006212 
-0.009181 
-0.002796 
-0.000988 
-0.011511 
0.012775 
0.001671 
0.000821 
0.012786 
-0.000954 
-0.003713 
-0.002204 
-0.000868 
-0.009757 
-0.000579 
0.001170 
-0.015414 
0.012192 
0.001481 
0.001477 
0.011210 
-0.000321 
-0.011626 
0.000368 
0.004958 
-0.004718 
0.001842 
0.000342 
-0.022202 
0.017653 
0.002776 
0.001510 
0.002465 
-0.009814 
-0.013848 
0.007999 
0.007567 
-0.003764 
-0.001557 
0.001261 
-0.018259 
0.015032 
0.002078 
-0.001445 
0.000376 
-0.012193 
-0.014739 
0.004635 
0.002942 
-0.004088 
-0.004525 
-0.000644 
-0.015833 
0.014596 
-0.001513 
-0.002235 
0.008950 
-0.009702 
-0.005935 
-0.012338 
-0.000196 
0.006149 
-0.012699 
-0.003309 
0.012717 
-0.007788 
-0.002932 
0.019338 
-0.006216 
0.000665 
0.016098 
-0.014125 
0.001822 
0.010470 
-0.014152 
-0.006022 
0.006358 
-0.009853 
0.001050 
0.015231 
0.001484 
-0.000666 
0.017139 
-0.010691 
0.000284 
0.011101 
-0.011069 
-0.013156 
-0.002173 
-0.006194 
-0.000461 
0.014550 
0.009052 
-0.002932 
0.016361 
-0.010664 
-0.005324 
0.005992 
-0.003659 
-0.012401 
0.002265 
0.003452 
-0.002682 
0.018064 
0.012786 
-0.004708 
0.008179 
-0.003344 
-0.015073 
-0.001776 
0.004073 
-0.008676 
0.011303 
0.009390 
-0.005410 
0.017775 
0.014024 
-0.007767 
0.002391 
0.000103 
-0.012055 
0.003720 
0.008219 
-0.011580 
0.011819 
0.008553 
-0.008872 
0.012687 
0.014649 
-0.010401 
0.008188 
-0.000145 
-0.011933 
0.006566 
0.012988 
-0.010917 
0.006365 
0.008727 
-0.009357 
0.006041 
0.012802 
-0.007495 
0.007516 
0.000506 
-0.011675 
0.004206 
0.018387 
-0.016739 
0.008974 
0.010045 
-0.011805 
0.000899 
0.007275 
-0.005512 
0.001292 
0.003295 
-0.016657 
0.003981 
0.016966 
-0.012175 
0.011591 
0.006753 
-0.011699 
0.001522 
0.004836 
-0.005418 
0.000169 
0.012715 
-0.017370 
0.008054 
0.015055 
-0.006694 
0.010681 
0.004725 
-0.008164 
0.000597 
0.004312 
-0.007586 
-0.010580 
0.014568 
-0.012573 
0.007260 
0.012667 
-0.003058 
0.004532 
0.002935 
-0.009296 
-0.004402 
0.005956 
-0.004075 
-0.008486 
0.014093 
-0.006832 
0.003214 
0.010376 
-0.006040 
0.001660 
0.001498 
-0.006100 
-0.008134 
0.005384 
-0.004926 
0.006224 
0.014714 
-0.003800 
-0.000556 
0.004603 
-0.003738 
0.004792 
0.001201 
-0.006003 
0.000557 
0.002094 
-0.005626 
0.009525 
0.006197 
-0.008580 
-0.002527 
0.004350 
-0.003189 
0.009646 
-0.000514 
-0.004927 
0.011806 
0.004138 
-0.003419 
0.006640 
-0.001850 
-0.012751 
0.002135 
0.004091 
-0.000187 
0.003229 
0.003813 
-0.007637 
0.010312 
0.012360 
0.000306 
-0.003442 
0.003179 
-0.009258 
0.001999 
0.001597 
0.000182 
-0.005238 
0.010117 
-0.004379 
0.003419 
0.011410 
-0.000876 
-0.008725 
0.003481 
-0.005513 
-0.004860 
0.000363 
0.001618 
-0.012632 
0.016153 
0.000273 
-0.002836 
0.009916 
-0.005292 
-0.008936 
0.002063 
0.000165 
-0.007258 
0.004340 
-0.005619 
-0.015562 
0.020192 
-0.000450 
-0.000025 
0.009541 
-0.015255 
-0.009884 
0.010084 
-0.001505 
-0.004697 
0.002050 
-0.008626 
-0.022168 
0.019970 
-0.005519 
0.005449 
0.001377 
-0.018449 
-0.007728 
0.009104 
-0.007218 
-0.003689 
-0.000045 
-0.011433 
-0.020192 
0.019462 
-0.011503 
0.005038 
0.005278 
-0.016106 
-0.001974 
0.002983 
-0.010355 
-0.005896 
-0.002838 
-0.012068 
-0.012080 
0.014638 
-0.011432 
0.007648 
0.013574 
-0.013154 
0.004413 
-0.014547 
0.000874 
0.011747 
-0.011504 
0.001664 
0.015853 
-0.015233 
-0.002193 
0.015313 
-0.009269 
0.001142 
0.014626 
-0.017072 
0.003311 
0.010591 
-0.006753 
0.000240 
0.015322 
-0.015581 
-0.001615 
0.014958 
-0.005761 
-0.002530 
0.012361 
-0.011258 
0.000486 
0.009322 
0.002218 
-0.005295 
0.010718 
-0.012653 
-0.000606 
0.010552 
0.005561 
-0.005206 
0.009858 
-0.004077 
-0.003359 
0.012439 
0.009907 
-0.008742 
0.006455 
-0.005212 
-0.005253 
0.013009 
0.009300 
-0.010176 
0.004370 
0.005033 
-0.009166 
0.011263 
0.013686 
-0.004907 
0.007752 
0.004965 
-0.011742 
0.014750 
0.006320 
-0.014603 
0.000261 
0.008595 
-0.012977 
0.006608 
0.011058 
-0.008855 
0.008856 
0.011498 
-0.018193 
0.010044 
0.010087 
-0.011198 
0.007604 
0.002712 
-0.013991 
0.003768 
0.015107 
-0.012686 
0.006161 
0.010106 
-0.019642 
0.006826 
0.011472 
-0.004855 
0.009967 
0.000901 
-0.013862 
0.006183 
0.014805 
-0.016794 
0.006097 
0.009268 
-0.015441 
0.007637 
0.009516 
-0.002717 
0.003944 
0.010761 
-0.016294 
0.006740 
0.013313 
-0.013996 
0.006281 
0.009505 
-0.012595 
0.005017 
0.007697 
-0.004619 
-0.000413 
0.016236 
-0.016809 
0.005669 
0.010223 
-0.006531 
0.005491 
0.007666 
-0.009824 
0.001885 
0.004925 
-0.005457 
-0.001987 
0.011449 
-0.013403 
0.004029 
0.007660 
0.001261 
0.007110 
0.004773 
-0.008398 
-0.002279 
0.007233 
-0.002389 
-0.000001 
0.008657 
-0.008527 
0.003449 
0.006504 
-0.001606 
0.013072 
0.001145 
-0.008981 
-0.003162 
0.010151 
-0.004517 
0.007176 
0.004049 
-0.003915 
0.000440 
0.004703 
-0.005881 
0.014461 
0.003240 
-0.006598 
-0.000408 
0.009206 
-0.007695 
0.008108 
-0.001703 
-0.010824 
-0.001970 
0.008201 
-0.006582 
0.008736 
0.011681 
-0.007697 
0.002897 
0.008800 
-0.005168 
0.003131 
-0.001713 
-0.012406 
-0.002469 
0.013242 
-0.000715 
-0.000822 
0.011667 
-0.008819 
-0.005428 
0.011767 
-0.003781 
-0.004878 
0.007981 
-0.010626 
-0.004615 
0.016596 
-0.000339 
-0.004516 
0.008478 
-0.008323 
-0.007166 
0.011167 
-0.008419 
-0.010151 
0.015302 
-0.010788 
-0.002254 
0.012325 
-0.006327 
-0.004247 
0.015629 
-0.007500 
-0.004399 
0.008582 
-0.015910 
-0.010582 
0.019886 
-0.009062 
0.004259 
0.014271 
-0.012015 
-0.004307 
0.016952 
-0.009396 
-0.000315 
-0.001795 
-0.021180 
-0.009276 
0.019723 
-0.011629 
0.007162 
0.010777 
-0.014433 
-0.007124 
0.015535 
-0.012802 
0.001360 
-0.003595 
-0.018978 
-0.006857 
0.015475 
-0.015429 
0.007046 
0.010543 
-0.016042 
-0.000541 
0.009675 
-0.017690 
0.003563 
0.001419 
-0.014345 
0.001273 
0.011526 
-0.016828 
0.006799 
0.013518 
-0.017747 
0.006872 
0.009444 
-0.018091 
0.010035 
0.004542 
-0.016027 
0.001483 
-0.012058 
0.000534 
0.017408 
-0.009158 
0.007108 
0.021413 
-0.010932 
-0.003047 
0.001800 
-0.008382 
0.002263 
0.000887 
-0.016758 
0.002298 
0.017800 
-0.002716 
0.005296 
0.019324 
-0.011573 
0.001478 
0.001168 
-0.004545 
-0.002209 
-0.000821 
-0.010366 
0.001646 
0.012358 
0.006859 
0.001298 
0.016735 
-0.008232 
-0.000701 
-0.000226 
-0.002180 
-0.008690 
0.001499 
-0.001340 
-0.003736 
0.015100 
0.010486 
-0.006187 
0.007475 
-0.001462 
-0.005024 
0.004500 
0.000027 
-0.013800 
0.003194 
0.004722 
-0.010191 
0.010481 
0.011007 
-0.010788 
0.000606 
0.007975 
-0.011610 
0.006487 
0.009474 
-0.015965 
0.010306 
0.001485 
-0.017362 
0.002187 
0.012946 
-0.012088 
0.006742 
0.009699 
-0.016845 
0.006867 
0.018619 
-0.011013 
0.014420 
-0.000429 
-0.018721 
-0.000539 
0.010409 
-0.009126 
0.007563 
0.011463 
-0.016847 
0.011170 
0.017602 
-0.007656 
0.010379 
0.006487 
-0.014764 
0.004114 
0.001934 
-0.010230 
0.004059 
0.015432 
-0.011964 
0.010624 
0.008542 
-0.011385 
0.003267 
0.008419 
-0.012499 
0.005967 
0.002637 
-0.004379 
0.000770 
0.012488 
-0.009631 
0.006471 
0.004680 
-0.009554 
0.001254 
0.009259 
-0.006710 
0.003065 
0.001800 
-0.001722 
-0.004615 
0.008353 
-0.006591 
0.003685 
0.006171 
-0.007058 
0.003910 
0.003836 
-0.004744 
-0.001350 
0.005902 
0.001031 
0.002600 
0.007260 
-0.006101 
0.002952 
0.010403 
-0.006933 
0.003753 
0.001126 
-0.002825 
-0.008771 
0.014782 
-0.001193 
0.014490 
0.012793 
-0.011435 
0.000580 
0.017115 
-0.006338 
-0.002581 
0.004143 
-0.007085 
-0.005135 
0.020793 
-0.006405 
0.012522 
0.016099 
-0.017527 
-0.001832 
0.017660 
-0.006868 
-0.007747 
0.008499 
-0.011614 
0.001874 
0.021239 
-0.007840 
0.003382 
0.017128 
-0.013155 
-0.011948 
0.013234 
-0.009883 
-0.004832 
0.016896 
-0.013648 
-0.001853 
0.020773 
-0.008991 
-0.007279 
0.013236 
-0.011011 
-0.010782 
0.009289 
-0.008177 
-0.005057 
0.018648 
-0.012764 
-0.004412 
0.017935 
-0.006898 
-0.004544 
0.011089 
-0.008826 
-0.006803 
0.006313 
-0.012156 
-0.007822 
0.022859 
-0.012876 
-0.000705 
0.013314 
-0.009706 
0.000225 
0.010007 
-0.008354 
0.001717 
-0.000606 
-0.015379 
-0.004593 
0.020479 
-0.013186 
0.010150 
0.010272 
-0.015782 
0.000582 
0.013321 
-0.011254 
0.005748 
-0.005460 
-0.018421 
-0.001021 
0.014680 
-0.015415 
0.011939 
0.009154 
-0.016445 
0.000105 
0.011972 
-0.015560 
0.007705 
0.001476 
-0.021173 
0.003887 
0.012273 
-0.019446 
0.009735 
0.004625 
-0.015732 
0.004959 
0.007130 
-0.019681 
0.011084 
0.007744 
-0.018847 
0.011719 
0.007918 
-0.020432 
0.008545 
0.006584 
-0.016254 
0.004679 
0.008573 
-0.020870 
0.016827 
0.011648 
-0.016139 
0.010730 
-0.012581 
0.001667 
0.005888 
-0.007862 
0.006359 
0.012716 
0.000426 
-0.009031 
-0.012969 
-0.005622 
-0.001841 
0.000863 
-0.015435 
0.001177 
0.005562 
-0.006019 
0.004042 
0.015878 
-0.005689 
-0.007296 
-0.000234 
-0.008401 
-0.002718 
0.004897 
-0.014246 
-0.001167 
0.006331 
0.003253 
-0.002763 
0.013979 
-0.006062 
-0.006425 
0.006113 
-0.002913 
-0.006115 
0.001877 
-0.007548 
-0.006451 
0.007532 
0.014553 
-0.009509 
0.008195 
-0.000461 
-0.008774 
0.010272 
0.003394 
-0.012545 
0.000258 
0.002851 
-0.011484 
0.009872 
0.013661 
-0.014411 
0.008825 
0.005968 
-0.014521 
0.004410 
0.011852 
-0.012715 
0.002123 
0.008646 
-0.018403 
0.006997 
0.014312 
-0.013510 
0.009831 
0.006483 
-0.017936 
-0.002473 
0.018689 
-0.011855 
0.007799 
0.005298 
-0.018668 
0.004736 
0.011610 
-0.009247 
0.008673 
0.007851 
-0.015725 
-0.001514 
0.014866 
-0.008709 
0.008263 
0.006191 
-0.015235 
0.003286 
0.005041 
-0.011002 
0.004320 
0.011823 
-0.012539 
0.004658 
0.008919 
-0.006760 
0.001599 
0.009758 
-0.013778 
0.003200 
0.001638 
-0.010745 
0.002147 
0.012299 
-0.007914 
0.008671 
0.007244 
-0.004167 
-0.002041 
0.006390 
-0.013116 
0.002116 
0.001034 
-0.008778 
-0.002188 
0.011993 
-0.004266 
0.004896 
0.008694 
-0.002801 
0.005202 
0.003916 
-0.014972 
-0.002463 
0.012759 
-0.009764 
-0.002325 
0.013593 
-0.000621 
0.004430 
0.008841 
-0.005216 
0.005360 
0.005839 
-0.015555 
-0.004821 
0.023378 
-0.009332 
0.001047 
0.014708 
-0.002143 
0.002506 
0.011851 
-0.009553 
-0.001374 
0.015472 
-0.014225 
-0.005266 
0.021598 
-0.006093 
0.003917 
0.016335 
-0.011276 
0.000479 
0.018390 
-0.011317 
-0.014258 
0.023844 
-0.011749 
-0.006253 
0.018520 
-0.006076 
0.003406 
0.017134 
-0.014585 
-0.007188 
0.013911 
-0.009150 
-0.013077 
0.019922 
-0.012502 
-0.004114 
0.018098 
-0.006815 
0.002238 
0.016260 
-0.012008 
-0.013041 
0.002928 
-0.007180 
-0.006652 
0.018014 
-0.011065 
0.001613 
0.015540 
-0.011568 
0.002652 
0.011871 
-0.006941 
-0.006094 
-0.002035 
-0.005736 
-0.010166 
0.019496 
-0.007897 
0.008653 
0.011469 
-0.014177 
0.006845 
0.005155 
-0.004535 
-0.003713 
-0.007174 
-0.006624 
-0.006149 
0.017398 
-0.009080 
0.018437 
0.005398 
-0.016206 
0.005966 
0.002396 
-0.003739 
0.000719 
-0.008587 
-0.015447 
0.002299 
0.018356 
-0.011427 
0.018627 
0.003746 
-0.015431 
0.005626 
-0.002810 
-0.009196 
0.004731 
0.000185 
-0.019775 
0.004044 
0.010749 
-0.017615 
0.013038 
0.007667 
-0.012589 
0.010717 
-0.001708 
-0.015995 
0.004553 
0.013720 
-0.018778 
0.005081 
0.008457 
-0.017134 
0.011350 
0.006881 
-0.012642 
0.006411 
0.012552 
-0.020917 
0.006777 
0.013356 
-0.016985 
0.005890 
-0.074881